0
0
0
0
0
0
0
0
0
0
0
0
696473
0
0
0
0
0
0
0
0
0
0
0
0
0
0
0
0
0
1894148
0
1172470
0
0
0
0
0
0
0
0
0
0
0
0
0
0
0
123154
0
0
0
0
0
0
0
946650
0
0
0
0
0
0
0
0
0
0
0
0
0
0
0
0
0
0
0
0
0
0
0
0
183577
0
0
0
0
0
0
0
0
0
0
0
0
0
272669
0
0
0
0
1126801
0
1560511
0
0
1174978
0
0
1480184
596150
0
0
0
1462204
0
0
0
0
0
1755377
0
0
0
0
0
0
0
0
0
0
0
0
1734853
0
700455
0
0
0
0
0
0
0
0
0
0
0
0
0
0
0
1807378
0
0
0
0
155422
0
0
329502
0
250222
1155141
1747343
1737602
1531531
1318259
370582
510004
1426393
1307208
1007084
1421475
1222035
294439
0
723401
1282598
0
0
1105071
0
0
1323358
0
952639
97612
1238494
0
0
367554
0
0
0
98076
0
1499035
0
0
0
0
0
0
0
0
0
1612757
0
0
0
148485
0
50000
0
0
0
0
0
0
2073467
0
0
0
1501501
0
0
0
0
0
0
0
0
0
0
0
0
0
0
0
0
0
0
0
0
0
0
0
0
0
0
0
0
0
798048
0
0
0
0
0
0
0
0
0
0
0
0
0
0
0
0
0
0
0
0
0
0
0
0
0
0
0
0
0
0
0
0
0
0
0
0
0
793278
0
0
268932
0
0
0
0
0
0
1580624
0
0
915414
0
0
0
0
0
0
0
0
1028326
0
1887453
0
0
0
0
1081253
0
1977739
0
0
0
0
0
0
0
0
0
0
0
1274440
0
0
0
0
0
0
0
0
0
778210
0
0
0
0
0
0
0
0
0
0
0
0
0
0
0
0
0
0
0
0
0
0
0
0
0
0
0
0
0
0
0
0
0
0
0
0
0
0
0
0
0
0
0
0
0
280186
0
1970926
0
1263495
0
0
0
0
0
0
0
0
0
0
0
0
0
0
0
717770
0
0
0
0
0
0
0
1984618
0
0
0
0
0
0
94233
0
0
0
0
0
0
0
1130963
0
1656381
1570093
0
1246018
0
0
0
0
0
0
0
0
0
0
0
0
0
0
0
0
0
0
0
0
0
0
0
0
0
0
0
819808
0
0
0
0
0
0
0
1866805
0
0
0
0
0
0
0
0
0
0
0
0
0
0
0
0
0
0
0
0
0
988111
0
0
0
0
0
237564
0
0
0
0
0
1923297
0
0
0
0
0
0
0
0
0
0
0
0
0
1975435
1729366
0
0
0
0
0
581417
0
1979553
0
0
0
0
0
0
0
270100
0
0
0
0
0
0
0
0
0
0
0
0
0
0
0
0
0
0
0
0
0
0
0
303748
0
0
0
0
0
0
0
1599815
0
726169
0
0
0
0
0
0
0
0
0
0
0
1917104
0
2060364
485744
0
133483
2067032
0
573372
0
866384
528838
0
1779879
1163275
0
0
0
1393890
0
103108
0
0
0
0
0
0
1900207
1256344
0
0
0
0
0
0
0
950888
0
0
0
0
0
0
0
0
0
0
0
0
0
0
0
0
0
0
0
0
0
0
0
0
0
0
0
0
0
0
0
0
0
0
0
0
0
0
0
0
0
0
0
0
0
0
0
0
1124639
487347
0
274973
1007456
0
0
0
815023
0
0
0
0
0
0
0
0
0
1708705
0
0
0
0
0
0
0
0
0
0
0
0
0
0
0
0
0
0
0
0
0
0
0
0
0
0
0
0
0
0
0
0
0
0
0
0
0
0
1858326
0
0
0
0
0
0
0
0
0
0
0
0
0
0
0
0
0
0
0
0
0
0
0
0
0
0
0
0
0
0
0
0
0
0
0
0
0
0
0
0
0
0
0
0
0
0
0
425582
0
0
0
614398
0
0
0
0
0
0
0
0
0
0
0
0
0
468823
0
0
0
0
0
0
0
0
0
0
0
1253499
0
0
0
1440240
0
0
147848
0
827498
0
0
0
0
536128
0
1548183
0
0
0
1314500
0
1018368
0
0
0
0
0
560750
0
0
1454955
1204681
0
0
1733093
1523266
0
1437027
0
62803
0
0
632737
0
0
0
0
2042191
401523
0
381441
0
0
122124
996202
1080844
0
297418
416910
523287
2061831
0
1421703
0
0
1120239
0
0
1810402
0
1386047
57770
140655
442187
951112
511763
80076
1325085
0
1587366
853179
465571
627521
814487
529276
1114543
0
0
892510
104422
0
1232526
0
0
0
1673188
917603
0
945774
0
0
0
1346272
0
0
0
0
2013816
1506901
149606
0
0
0
1250429
0
0
1037756
0
0
786122
0
0
1192680
0
0
560412
0
0
232931
0
0
0
1372326
713651
0
467773
0
0
0
0
0
0
0
0
0
0
1654004
0
0
0
0
0
0
1542553
1913425
1751060
869812
1188621
623436
702177
1647485
0
0
0
356331
2081837
2083120
102249
0
1220224
1972802
1545000
1990012
1321895
0
417218
0
1700937
1798405
786371
0
0
2075991
1314132
779295
1731662
2064192
1977796
0
0
719395
0
0
0
0
623938
0
108091
1049411
441200
487296
799914
1732081
1580363
1352112
1142190
464363
858575
662979
140914
1619821
2094127
1096190
1384726
0
1402326
0
0
0
0
0
0
0
145271
0
0
0
0
0
126095
0
0
1396064
0
0
0
0
0
0
575911
0
0
0
0
0
0
0
0
0
0
0
0
0
0
0
0
0
0
0
0
0
0
0
0
0
0
0
0
0
0
0
0
0
0
0
0
0
0
0
0
0
0
0
1655569
0
0
1589695
0
0
0
0
1902521
0
0
620847
0
1739458
0
336334
0
1046522
0
922017
0
0
0
0
0
0
0
0
7210
1508425
0
0
0
0
0
0
0
0
0
0
0
1335351
0
0
0
0
0
0
0
0
0
0
0
0
0
0
0
0
0
0
0
0
0
0
0
0
0
0
0
0
0
0
0
0
894200
0
1178290
0
0
1195968
0
0
0
1126835
0
0
0
0
0
0
0
0
0
0
0
0
0
0
0
0
0
0
0
0
0
0
0
0
0
0
0
0
0
0
0
0
0
0
0
0
0
0
177976
0
0
0
0
0
1035924
0
0
0
0
0
0
0
0
0
80681
1111041
0
0
0
0
0
0
0
0
0
0
0
0
0
276317
0
0
0
1753125
0
0
0
1289744
757351
828170
1609955
0
0
169572
0
0
0
0
0
0
81164
191878
1114376
0
0
0
2080464
0
72041
1191312
1016619
2087194
0
477229
0
0
0
0
0
0
0
0
0
0
0
0
0
0
0
0
0
0
0
0
1947323
0
0
0
1258157
0
0
0
0
1254184
0
0
0
0
0
0
0
911262
703105
158635
430178
0
0
0
0
256735
0
333282
987906
469453
0
994369
0
831395
896197
0
0
0
0
422374
0
1389707
1021925
1537759
0
0
0
0
0
1971294
0
0
0
0
0
0
0
0
0
0
0
552843
0
0
0
0
0
0
0
0
0
0
0
0
0
0
0
0
0
0
0
0
0
0
0
0
0
0
0
0
0
0
0
0
0
0
0
0
0
0
0
0
0
0
0
0
0
0
0
0
0
0
0
0
0
0
0
0
0
0
0
0
0
0
0
0
0
0
0
0
0
0
0
0
0
0
0
0
0
0
0
0
0
0
0
0
0
0
0
0
0
0
0
0
0
0
999492
0
0
0
0
0
0
0
0
0
0
0
0
0
0
0
0
0
0
0
0
0
0
0
0
0
0
0
0
0
0
0
0
0
0
0
0
0
0
0
0
0
0
0
0
0
0
0
0
0
0
838695
483357
18011
0
0
1565315
0
1603935
0
0
0
0
0
710595
1077982
579973
0
0
0
2029145
1699259
0
1347328
1551411
1155023
0
0
0
0
675809
0
0
34301
0
0
1183565
0
185325
0
0
0
0
1220223
1915291
1264761
536654
1367690
0
0
0
0
0
658263
0
0
0
1715600
173885
0
813852
1753449
1138812
841560
992468
0
0
2013122
329885
0
0
1446471
0
0
446972
0
0
546470
1214774
1533178
1774026
1949702
0
0
0
0
385270
0
1820425
0
0
0
2078452
2014586
0
0
0
0
0
0
0
0
0
117801
1583490
0
1033431
0
0
0
0
0
0
1116480
0
0
0
0
0
0
1863305
0
0
1905416
1751195
0
0
0
0
2008093
0
0
0
0
0
0
1443054
0
1489423
922100
0
0
0
171772
0
0
0
0
774801
1923266
0
0
0
0
0
0
0
0
0
0
0
0
648028
0
0
0
0
0
0
0
0
251332
0
0
0
0
0
0
0
0
0
650312
0
0
0
0
0
0
0
0
0
1107481
0
0
586075
0
1072583
0
956211
87313
0
0
0
0
0
0
0
0
0
1278615
0
0
0
0
0
0
1415564
0
0
0
0
0
0
0
0
0
286895
0
0
0
0
0
0
0
0
1789830
0
0
0
1798409
1809576
201027
819157
1844433
0
0
1824823
0
201886
0
1677184
0
0
0
0
0
0
0
0
0
0
0
1569239
0
0
0
0
1358611
0
0
0
0
0
0
0
0
0
0
0
0
0
0
0
0
0
0
0
0
0
0
0
0
0
0
0
0
0
0
0
0
0
0
0
0
0
0
0
0
0
0
0
0
0
0
0
0
0
0
0
0
0
0
926146
0
0
0
0
0
0
0
0
0
0
0
0
0
2064648
1167549
0
0
0
0
0
0
0
0
0
0
0
0
0
0
0
108274
0
0
0
0
0
0
0
0
0
0
0
0
0
0
0
0
0
0
0
0
0
0
0
0
1601652
672822
0
508235
0
0
0
0
0
0
0
0
0
0
0
1370402
0
0
0
0
0
0
0
0
0
0
0
0
0
0
0
0
0
0
0
0
0
0
0
0
0
0
0
0
0
0
0
0
0
0
0
0
0
0
0
0
0
0
0
0
0
615932
0
0
0
0
0
0
0
0
533978
0
335936
0
0
1435849
934938
189958
0
776688
0
0
0
0
1285557
0
0
0
401698
0
0
0
0
0
1736990
0
0
1648767
0
1484176
744387
1679512
0
0
162760
0
0
0
0
0
0
0
0
0
0
1156032
0
0
0
0
0
0
0
0
0
0
0
0
789258
0
0
0
0
0
0
0
0
0
0
0
0
1008389
0
0
0
0
1616732
0
405142
0
0
684246
160702
0
0
0
0
1473060
1971062
1219126
0
0
0
0
0
0
0
0
0
0
0
0
0
0
0
0
0
0
0
0
0
0
0
0
0
0
0
0
0
0
1972018
1995540
0
0
0
0
0
0
0
0
0
0
0
0
0
0
0
0
0
0
0
0
0
0
0
0
0
0
0
0
0
0
0
0
0
0
0
0
0
0
0
0
0
0
0
0
0
0
0
0
0
0
0
1286130
0
0
0
0
0
0
0
0
0
0
0
0
0
0
0
0
0
0
881336
0
67330
1859427
0
0
1605606
0
37570
0
0
0
1371940
0
0
140475
0
0
1920115
0
0
2034555
1588694
611613
0
0
0
0
1415029
1917513
0
0
0
0
0
0
0
167948
0
0
0
0
0
419512
0
0
0
0
0
0
0
0
0
0
0
0
0
0
0
0
0
0
0
1042769
0
0
0
0
0
0
0
0
0
0
0
0
0
0
0
0
0
0
0
0
0
0
0
0
0
0
0
1291260
0
0
0
0
0
247563
1619079
0
0
12000
734786
1585960
1052296
276503
0
0
0
0
0
0
0
1116689
23011
0
0
0
1333192
1631637
1434292
1190385
2068201
0
1424046
178114
480862
1335294
228005
0
0
1779681
0
0
1497216
0
0
0
0
0
2036144
0
0
0
0
1974195
0
0
852459
0
0
0
0
2056725
0
0
0
0
0
0
1199175
481795
326279
1601289
1829849
1252001
887497
440888
1222687
706566
0
1060576
0
0
1060116
487472
0
776693
0
1766894
83852
342398
1289769
682629
174703
1016671
1229099
1067567
0
0
0
811003
0
766033
0
0
487755
1858805
0
0
0
0
802575
105033
196086
2022778
0
0
1852015
0
0
26701
318877
701583
510240
1725147
0
2042987
1424409
0
1283258
0
0
619562
0
0
0
0
0
0
0
0
0
0
0
0
0
0
0
0
0
0
0
0
0
0
0
0
0
0
0
0
0
0
0
0
581955
1500692
0
0
1313983
538399
797628
295905
314227
921882
803958
1297250
1630779
1284250
1531553
1676804
819478
130647
714826
884061
859235
1409392
1318251
1025048
847388
1145053
1528821
1128818
345185
728208
2017070
1436100
0
0
1783328
0
0
0
0
0
0
0
0
0
0
0
0
1341482
0
210225
0
1135704
0
0
0
0
0
1437402
0
0
0
0
0
0
0
0
0
0
0
1220164
0
0
85730
0
1022257
0
0
0
0
0
0
0
0
0
0
383486
0
185673
1638615
1162628
829000
0
1238141
0
0
1175203
0
1401171
0
0
0
0
0
0
0
0
0
0
0
0
0
0
0
0
0
0
0
0
0
0
0
0
0
0
0
0
0
0
0
0
0
0
0
0
0
0
0
0
0
0
0
0
0
0
0
0
0
0
0
0
0
0
0
0
0
0
0
0
0
0
0
0
0
0
0
0
0
0
0
0
0
0
0
0
0
0
0
0
0
0
0
0
0
0
0
989999
0
0
0
0
0
0
0
0
0
0
0
0
0
0
0
0
0
0
0
0
0
0
0
0
0
0
0
0
0
0
0
0
0
0
174331
0
0
0
0
0
0
0
0
0
0
0
0
0
0
0
0
0
0
0
0
0
403223
0
0
0
0
0
0
0
0
0
0
0
0
0
0
0
0
0
0
0
0
0
0
0
0
0
0
0
0
0
0
0
0
0
0
0
0
0
2047034
0
0
0
1098485
1201018
0
0
0
0
0
99178
1198574
0
0
0
0
0
0
0
0
0
0
0
0
0
0
0
0
0
1309895
0
0
0
0
0
0
1778271
0
1628420
0
0
0
0
0
0
0
0
0
0
0
0
0
0
0
0
0
0
0
0
0
0
0
0
0
0
0
0
0
0
0
0
0
0
0
0
0
0
0
0
1496345
893026
0
0
0
0
0
0
0
0
729856
0
0
0
0
0
0
0
0
0
0
0
0
0
1420417
0
0
0
0
0
0
0
0
0
0
0
0
1167677
0
0
0
1384921
0
0
0
0
0
0
0
1352136
0
0
0
0
0
0
0
0
1016604
1603509
0
0
0
427058
108893
0
785643
0
0
1716098
1301584
0
0
1305702
622426
0
210228
0
2046022
0
0
425741
923935
0
0
0
354752
1337904
0
0
0
0
697029
0
0
0
0
0
0
202775
0
0
0
0
0
0
0
0
406775
0
0
0
515918
0
0
0
0
0
0
0
851390
0
0
1556698
0
604061
784644
1925432
0
337162
1961813
0
1448140
943606
354692
1026030
0
0
0
0
0
399894
0
0
0
0
0
0
0
0
0
734748
0
0
0
0
0
2051417
0
0
0
0
0
0
0
0
0
0
0
1727345
0
0
0
0
0
0
0
0
0
0
0
0
0
0
1896007
0
99122
0
0
0
1350808
0
0
1635017
856795
442986
1804902
0
0
0
52701
0
0
0
907855
0
0
0
920309
0
151704
0
0
682813
0
0
0
0
0
0
0
0
0
0
0
0
0
0
0
0
0
0
0
0
0
0
0
0
1933078
0
0
0
0
0
0
0
0
0
365967
1887392
0
703986
929746
0
1656132
0
0
1402892
0
1270288
0
43457
1753207
1074029
1056229
1625642
522399
0
1622509
0
1052571
0
0
1800005
0
1782944
2085203
813402
392262
508219
0
611702
1997553
0
252354
0
0
22365
258479
0
0
803980
0
531510
0
957694
0
0
0
0
687144
0
102377
0
1129999
712979
993856
401662
482506
660313
835364
0
0
0
0
0
0
815360
0
157281
1534268
0
2058213
0
0
0
0
0
0
0
0
626347
0
0
0
0
2071771
1614081
0
0
0
0
0
0
0
0
0
0
0
0
0
0
0
0
0
2075898
0
0
0
0
0
0
0
2086565
0
0
0
988674
1492003
0
0
457363
1330275
0
1612554
0
0
29342
2093558
0
632721
888822
0
0
262065
0
0
1133859
0
0
1147580
978528
1273969
869983
164567
893722
1862217
1053089
615990
1374450
1672177
1043657
473499
460733
1276135
1653104
487211
0
242078
1987625
0
0
1785399
0
0
0
0
1153680
176946
552812
0
0
0
1584741
1506415
843544
0
0
0
827592
0
0
679029
385840
1406785
0
0
0
1004770
0
0
0
0
0
0
0
0
0
0
0
0
0
0
0
0
0
0
0
0
0
0
0
0
0
0
0
0
1257094
0
0
0
0
1729227
1288062
0
0
2005418
0
0
0
0
0
911296
1026185
1529385
1447967
925327
0
0
1167340
0
1906646
812572
0
0
511632
0
0
1524066
0
0
0
402458
1981516
1833098
1733893
695565
0
1030766
0
1311274
141194
536903
981098
1448304
1730367
1932605
903214
664779
1207459
656686
126414
1692336
850275
0
1278707
0
1393449
0
593129
1430180
1838321
1300879
499251
935209
1562007
0
48841
0
1546173
0
0
0
0
0
0
0
0
687623
1357905
64368
0
0
0
1422937
0
0
0
1163436
0
0
0
0
1823629
504658
0
0
0
0
0
0
1760307
1599728
0
0
2078393
0
0
1736756
0
0
0
0
0
0
0
0
787287
1981041
1032799
0
0
0
0
0
2088520
0
782747
2059871
0
0
0
0
0
222870
0
0
0
0
0
0
0
0
0
0
0
0
0
0
0
0
0
0
0
0
0
0
0
0
0
0
0
0
1810307
0
0
0
530855
0
0
0
0
0
0
130066
0
0
0
0
0
0
0
0
0
0
0
0
0
0
0
0
1619274
0
0
0
0
1468702
541969
0
0
0
0
0
0
0
1111924
0
0
0
0
0
1918559
0
0
117332
0
0
0
0
0
0
384791
0
0
0
0
0
0
0
0
0
0
0
0
0
0
0
0
0
0
0
0
0
0
0
0
0
0
912495
0
0
0
0
0
0
0
0
0
0
0
0
0
0
0
0
0
847884
0
0
0
0
0
0
0
0
0
0
0
0
0
0
0
0
0
0
0
0
0
1415516
256277
1741464
1486645
707995
916352
1140242
1227472
1146019
1336975
961420
0
288562
0
1880076
708785
295879
502497
1176275
0
1799664
65659
483350
1470926
1283372
1475058
1180699
1585053
986985
0
188554
2076124
0
993404
0
0
1578140
0
15082
336262
0
0
0
0
1111344
0
1298811
0
0
0
0
0
0
0
1937593
0
0
0
0
0
0
0
0
806288
0
527468
0
0
0
0
0
0
0
0
0
0
0
0
0
0
0
0
0
0
0
0
0
0
0
0
0
0
0
0
0
0
0
0
0
0
0
0
0
0
0
0
0
0
0
0
0
0
1928210
0
0
0
0
0
0
0
0
0
0
0
0
0
0
0
0
0
0
599566
0
0
0
0
2053795
0
0
0
0
0
0
0
0
0
0
0
0
0
2073506
0
174539
824818
0
0
797804
0
0
0
0
529243
0
617130
1647268
1013409
998057
1658861
1866086
1793421
1634389
1393620
1087726
705457
128736
1411744
0
1790789
0
0
954936
1015769
162629
42019
1368473
0
1709018
202176
511927
0
1843530
1409661
1951223
919868
0
0
0
0
0
0
0
1167507
0
0
0
1242677
0
0
0
0
0
0
0
0
0
0
0
0
0
0
0
0
0
0
0
0
0
0
0
0
0
0
0
0
0
0
0
0
0
0
0
0
0
0
0
0
0
0
0
0
0
675389
0
0
0
0
0
0
1810541
0
813795
0
0
1922729
0
1228019
1067913
124022
61140
1402320
0
1834280
0
622903
1140381
977805
1568085
1834809
1507335
235888
0
1408371
0
1255331
429699
532794
618770
1310679
723258
625960
0
0
0
0
0
0
0
0
0
0
0
0
0
0
0
0
0
0
0
0
0
0
0
0
0
0
0
0
0
0
0
0
0
0
0
0
0
0
1038019
0
1024967
1094677
0
0
0
0
0
0
0
0
629576
0
0
0
0
0
0
0
0
1512579
1329820
210978
0
0
0
0
0
0
0
0
976926
0
0
0
0
0
0
0
0
0
1639551
0
0
1516254
491647
832645
0
0
0
0
0
973263
0
0
0
0
285668
0
907028
0
0
0
0
0
1704129
1867798
0
1997517
0
1627267
853859
0
0
0
0
0
0
0
0
1652970
0
0
0
0
0
0
0
0
1912501
0
0
0
0
0
2015220
2000787
0
0
0
0
0
0
0
141768
0
0
0
0
0
0
0
0
0
0
0
0
1267986
0
0
0
0
0
0
0
0
0
0
0
0
0
0
0
0
0
0
0
0
0
0
0
0
0
0
0
0
0
0
0
1259220
0
0
106284
0
0
0
0
1024958
0
0
592345
791294
0
0
0
0
1594148
0
0
0
0
0
0
1749909
0
0
1660881
0
0
0
0
853541
0
1790752
1277660
0
0
0
0
0
0
0
0
1568470
0
0
0
0
0
0
1809894
0
0
0
0
0
0
0
0
0
0
0
0
0
0
0
2063804
0
0
0
0
0
0
0
0
0
0
0
0
0
0
0
0
0
0
0
0
0
0
0
0
0
0
0
359530
0
0
924523
0
0
0
0
0
0
0
0
47576
0
0
0
0
0
0
0
0
0
0
0
0
0
0
0
0
0
0
0
0
0
0
0
0
0
0
0
0
0
1724446
0
862563
0
1255842
1937725
1744461
861518
0
0
0
1443484
830804
0
1367073
1777261
1165964
0
1203609
1582370
993492
1278151
1175653
1460299
0
0
0
0
1367930
0
0
1929868
0
0
1708217
0
764656
0
642722
0
0
819361
0
48284
0
822856
1329633
2074480
1895033
1002019
1721465
0
1395212
0
0
0
1867279
1998288
92526
0
0
0
0
0
0
0
0
0
0
0
0
0
0
0
0
0
0
0
0
0
0
0
0
0
0
0
0
0
0
0
0
0
0
0
0
0
0
0
0
0
0
0
0
0
0
0
0
0
0
0
0
0
0
0
0
0
0
0
0
0
0
0
0
0
0
0
0
0
0
0
0
0
0
0
0
0
0
0
0
0
0
0
0
0
0
0
0
0
0
0
0
0
0
0
0
0
0
1100454
0
0
0
0
0
0
539286
0
949307
0
1053151
0
0
0
0
0
1999376
0
0
0
0
0
0
0
0
0
0
0
0
0
0
0
0
0
1969777
0
0
0
0
0
0
0
0
0
0
0
0
0
0
0
0
0
0
0
0
0
0
1368579
0
0
0
0
0
0
0
0
0
0
0
0
0
0
331919
0
0
0
0
0
0
0
0
0
0
0
0
0
0
0
0
0
0
0
0
0
1512544
172148
0
0
0
0
0
0
0
1483873
0
0
0
0
0
0
0
0
0
0
0
0
0
1339771
0
0
0
0
0
0
0
0
137869
0
0
0
0
0
0
0
0
0
0
0
0
0
0
0
1146784
0
0
0
0
0
0
0
0
1557094
985054
0
0
0
0
0
0
0
0
0
0
0
0
0
0
0
162243
0
0
0
0
0
0
0
0
0
0
0
0
0
0
0
0
0
0
0
0
0
0
2081640
1389543
0
0
0
1790631
0
0
0
0
1724536
1069928
0
2068498
0
0
0
281202
0
0
0
42855
0
1786945
0
0
0
0
0
1404282
0
0
822679
0
1720634
0
1043477
0
0
0
0
294139
0
358620
0
0
571843
505865
1548383
0
0
1167866
1044121
0
1506270
0
636675
0
439032
0
0
362765
0
0
0
1613524
1737360
0
1149295
0
0
0
1852388
0
0
0
0
0
0
953373
0
0
0
0
1016640
0
183690
0
573484
1968534
655642
152120
0
1196748
683599
1176434
1182021
1008823
656316
1334320
1893176
1070422
336707
853097
986371
1199475
1712606
659045
64011
332096
1768708
0
1036524
0
991821
1328443
1660645
1157747
257055
385227
1816705
1347246
932835
950179
368847
845592
0
453514
0
0
0
0
0
0
0
0
0
0
0
0
0
0
0
0
590314
0
0
0
0
0
0
0
0
0
0
0
0
0
0
0
0
0
0
0
0
0
0
1360670
0
0
0
0
0
0
0
0
0
0
0
0
1012969
1490943
0
0
0
0
0
0
0
0
0
0
0
0
0
0
1716118
0
0
0
0
0
0
0
0
0
0
0
0
0
0
0
0
0
0
0
0
0
0
0
0
0
0
0
0
0
0
0
0
0
1137689
1632540
831938
960351
0
0
0
721256
0
0
0
1580126
2005431
2026987
1573516
0
953498
1138190
0
0
1039105
0
0
81466
0
1026838
0
0
0
0
0
0
0
0
0
0
0
0
0
0
0
0
0
0
0
0
0
0
1431737
0
0
0
0
0
0
0
0
0
0
0
0
0
0
0
0
0
0
0
0
37509
0
0
0
0
1313351
0
0
0
0
0
0
0
0
0
0
0
1496409
0
1053328
1562431
580369
847776
1064677
849968
855984
1816556
0
1729951
0
0
1520538
0
1068257
0
299875
1434899
0
764477
1250234
1592943
4225
117219
1789127
0
766954
0
0
1596630
0
1791994
0
0
0
0
0
0
0
1693035
0
1148742
0
0
0
0
0
0
0
0
0
0
0
0
0
0
0
0
0
0
0
0
0
0
0
0
0
0
0
0
0
0
1337208
0
0
0
0
0
0
0
562135
0
0
1037702
0
0
0
0
1296693
0
0
0
0
0
0
0
0
0
0
0
0
0
0
0
0
0
0
0
0
0
0
0
0
0
0
0
0
0
0
0
0
0
0
0
0
0
0
0
0
0
138117
0
0
0
0
0
791873
0
0
0
0
0
0
0
0
828371
0
0
1439668
0
0
0
0
1184387
0
0
0
184219
0
0
0
0
0
1742249
0
0
283126
1213643
1527527
0
138944
0
0
0
0
0
0
0
909739
1597804
1905900
532560
0
1986506
0
0
0
0
0
851153
0
0
0
0
0
0
0
0
0
0
0
1886544
0
0
0
0
0
0
0
0
1020772
0
0
0
0
0
0
1068586
0
0
0
0
0
0
0
0
0
0
0
0
0
748143
0
0
0
0
0
2033455
0
0
0
0
0
0
0
0
0
0
0
0
0
0
0
1769009
0
0
0
0
0
0
0
0
0
0
0
0
0
0
0
0
0
0
0
0
0
0
0
0
0
0
0
0
0
0
1821144
0
50681
0
1175374
0
821071
0
1417101
1997605
0
206833
0
0
1073802
0
1225814
1641993
0
0
0
0
182086
0
0
0
0
369365
236337
0
0
0
188307
0
1652302
1631125
568595
1894306
2040540
196248
298814
628194
700206
646081
1435703
0
0
0
2015862
0
1890617
1647811
754105
0
1017173
1370020
0
586434
0
2031003
662610
0
0
1135561
1822280
1706696
1650781
1792053
0
0
0
0
0
0
0
0
0
0
0
0
1951047
0
0
0
0
0
0
0
0
0
0
0
0
0
0
0
0
0
0
0
0
0
0
0
0
0
0
0
0
0
0
0
0
0
0
0
0
0
0
0
538826
0
0
0
0
0
0
0
0
0
0
0
0
0
0
0
0
0
0
0
0
0
0
0
0
0
0
0
0
0
0
0
0
0
0
0
0
0
0
0
330477
0
0
0
1046863
0
534824
1743030
2081908
0
970872
0
221005
0
0
1331823
0
1614864
1336192
0
0
0
702739
0
0
1400807
1063903
1337297
1564826
0
1849443
670116
0
0
280753
0
0
216860
0
0
0
765898
0
0
1323282
0
0
0
0
565964
0
0
723976
0
0
0
0
0
0
0
0
0
0
0
0
684841
0
926672
0
0
0
0
0
0
0
0
0
0
0
0
0
0
0
1968282
0
0
0
0
0
0
0
0
0
0
0
0
0
0
0
0
0
745625
0
710856
0
0
1211686
1763535
0
0
0
0
0
0
0
0
0
1821938
0
1631880
0
1756666
0
0
0
0
0
0
0
0
555309
0
1590065
0
0
955638
0
0
0
1874765
0
0
264118
0
0
0
0
1129573
0
0
1421163
1629252
596785
0
0
0
0
157803
0
0
0
1324056
0
925037
0
0
0
0
0
0
0
0
0
0
0
0
0
0
0
0
0
0
0
0
0
0
0
0
0
0
0
0
0
0
0
0
0
0
0
0
0
0
0
584618
0
0
0
0
0
2082492
0
0
0
0
0
0
1844999
0
0
0
0
0
715748
0
607884
0
0
0
0
0
0
0
454897
0
0
0
0
0
0
0
0
0
0
0
0
0
0
0
0
0
0
0
0
0
0
0
0
0
0
0
975819
264135
22131
945458
1149829
0
1425722
0
0
875106
180294
0
0
0
1439511
0
0
1714945
0
1930695
0
244006
998612
0
1036455
673130
1161316
1379524
1641405
0
0
0
0
1571801
0
0
804039
334400
0
0
0
1992503
1973534
0
0
0
839746
0
0
1940383
0
1664971
1100683
0
1889406
2011242
1819035
921598
0
0
0
1729016
0
0
0
1207119
0
957366
0
0
36028
0
0
1290097
0
648698
1961020
2061681
904020
0
0
1039506
0
0
0
0
497544
1369566
1292495
0
0
1025685
1102131
842120
58432
634808
0
0
0
0
0
0
0
0
0
0
0
0
0
0
0
0
0
0
0
0
0
0
0
0
0
0
0
0
0
0
0
0
0
0
998796
0
245258
0
0
0
0
0
0
0
0
0
0
0
720372
1170360
1993729
0
2093798
0
0
0
0
0
0
0
0
0
0
0
0
0
0
0
0
0
0
0
0
0
0
0
0
0
0
0
0
0
0
0
0
0
0
0
0
0
0
0
0
0
0
898085
0
0
0
0
0
0
0
0
0
0
0
0
245222
0
0
0
0
0
0
0
0
0
0
0
0
0
0
0
0
0
0
0
1799153
631608
413441
1861466
835946
1277765
1842847
1715689
0
0
0
605172
0
60966
1716275
0
1541927
288975
1159709
1291505
0
1016730
0
0
1852314
0
0
0
1767649
0
36685
0
0
0
0
0
0
0
0
0
0
0
0
0
0
0
0
0
0
0
0
0
0
0
0
0
0
0
0
0
0
0
0
0
868538
1533738
925170
842443
1112801
53812
0
681834
139474
0
0
0
2045992
1219409
324141
0
0
528706
877270
780221
2075106
0
0
120646
0
1263641
403199
719182
1460354
791953
648506
0
0
0
1859697
0
0
1976552
0
0
1375032
0
0
0
0
1879097
2023361
0
0
0
0
0
0
1521868
0
1981620
955900
2020088
0
0
0
236049
0
0
0
0
0
0
0
0
0
0
0
0
0
678580
0
0
0
0
0
0
0
0
0
1400449
0
0
0
0
0
0
0
0
0
0
0
0
0
0
0
0
0
0
0
0
0
0
0
0
0
0
0
0
0
0
0
0
0
0
0
0
0
0
0
0
0
0
0
0
1968297
0
0
0
0
0
0
0
0
0
1665511
0
0
0
0
0
0
1962103
0
0
0
0
1330176
1910581
1325396
1368765
170843
0
0
381143
0
0
0
0
0
0
0
367858
0
0
0
0
0
0
0
0
0
0
0
1449982
0
0
0
0
0
0
0
0
0
0
0
0
0
0
0
0
0
0
1043672
0
0
0
0
0
1822302
0
1891543
0
0
0
1092912
0
0
0
1991090
0
0
178763
0
0
0
0
677790
0
0
0
0
0
559916
0
0
0
0
0
1346800
0
0
0
1562881
0
1535742
0
0
0
0
0
0
0
0
0
542962
0
0
0
0
0
0
0
0
0
0
0
0
0
0
0
0
0
0
0
0
0
0
0
0
0
0
0
0
0
0
0
0
0
0
0
0
0
0
0
0
0
0
0
0
1758207
0
0
0
0
0
0
0
0
0
0
0
0
0
976098
0
0
1109221
0
0
0
0
0
0
0
2059006
641031
1125526
665974
0
1536921
1522430
537987
0
394582
0
0
0
0
549880
0
0
0
779493
0
0
0
167648
0
1934479
0
0
0
0
0
62101
826246
0
1757503
0
0
0
0
0
0
0
0
0
0
0
0
0
0
0
0
0
0
0
0
223340
0
0
919351
0
1909836
0
0
0
0
0
296461
0
0
0
0
0
1724572
0
0
0
27644
418150
1754405
0
0
0
36728
0
0
1091613
0
0
0
672382
1835673
632010
0
0
1016041
0
1108764
0
0
0
0
247037
0
0
0
0
0
0
0
0
0
0
0
0
0
0
0
0
1181398
0
0
0
0
0
1545213
0
271578
0
612093
0
0
0
0
0
0
0
0
2080491
30567
0
0
0
0
0
0
0
0
0
0
0
0
0
60262
0
0
0
0
0
0
0
0
0
1913719
0
0
0
0
0
1696003
0
0
0
0
0
0
0
0
0
185414
0
0
0
0
862438
0
0
0
0
0
0
0
0
0
0
0
0
0
0
0
0
0
0
0
0
0
0
0
0
0
0
0
0
0
0
0
0
0
0
0
0
0
0
0
0
0
0
0
0
0
0
653218
0
0
0
0
0
0
1297833
0
1994176
0
0
0
0
0
1311073
0
0
0
0
0
0
0
0
0
0
0
0
0
1374814
0
1862144
0
1119489
0
1239329
400994
822370
0
0
0
0
1903513
0
487310
0
0
0
0
0
172146
0
0
0
0
1188454
0
1305533
0
130722
1235929
0
287270
1747154
0
368465
0
0
0
780158
113021
0
0
474685
0
0
0
0
1676897
200526
379799
1910266
672731
0
0
0
0
1673601
0
0
1403428
0
0
0
0
0
0
0
0
0
0
0
0
0
0
0
0
0
0
1691343
1711721
0
0
0
0
0
0
0
90678
0
0
0
1939369
0
0
0
0
0
0
0
0
0
0
0
997266
50266
532243
0
0
0
1164049
0
645826
0
0
548920
0
0
502780
0
0
932200
0
0
1436007
0
0
0
0
0
0
32954
0
0
0
1431093
0
0
400258
0
537654
0
1065491
0
0
0
0
984092
0
0
1179082
51512
2094705
0
0
0
0
0
0
0
0
0
0
0
1755517
0
0
0
0
0
0
0
0
0
0
0
0
0
0
0
0
0
0
0
0
0
329411
0
0
0
0
0
0
0
0
1866514
0
0
0
0
0
0
0
0
0
0
0
0
0
799298
0
416899
0
1873027
0
0
1242519
1639012
0
0
0
0
0
0
0
0
0
1132464
1450550
1456663
0
1795346
0
0
0
0
0
1796928
1457015
0
0
0
0
933455
0
0
687439
0
1034112
1542239
1054494
747378
1760213
0
0
0
1961091
0
1239419
0
0
0
693924
0
0
0
0
0
0
0
0
0
0
0
0
0
0
0
0
0
0
0
0
0
0
748793
0
1685203
0
0
0
0
1873910
0
0
1263569
1980642
1144817
1946126
427732
0
1075864
0
54838
495528
0
0
0
0
1705581
462230
350807
0
1031412
0
1497691
1685864
939908
0
0
1780077
0
0
0
0
0
0
0
0
0
0
0
0
1540682
0
0
0
0
576590
0
0
1399618
0
0
0
0
0
0
0
1567564
568998
296143
0
0
635550
1518356
2000586
0
0
1838540
984438
1414964
1462292
0
0
481729
0
0
889449
0
876036
1769999
0
0
1318288
296509
0
784343
0
0
0
1534990
0
0
0
0
0
1188449
0
0
1079232
0
1935008
0
0
0
778591
0
0
0
624359
0
0
0
1665455
0
0
1208063
0
0
0
0
0
0
0
0
0
0
0
1665860
0
0
0
0
0
0
0
0
0
363025
0
0
0
0
0
0
0
0
0
0
0
0
0
0
0
0
0
2074724
0
0
0
0
0
0
0
0
0
0
0
0
0
0
0
0
0
0
0
0
0
0
0
0
0
0
0
0
0
0
0
0
0
475283
0
0
0
0
0
0
1770582
0
0
0
0
0
0
0
0
0
0
2062240
0
0
0
0
0
0
0
0
0
0
0
0
0
0
0
0
0
0
0
0
0
0
0
0
0
0
0
0
0
0
0
0
0
0
0
0
0
0
0
0
0
0
0
0
0
0
0
0
0
0
0
0
0
0
0
0
0
0
1823085
0
0
0
0
0
0
0
0
0
0
0
0
0
0
0
0
0
0
0
0
0
0
0
0
0
0
0
0
0
0
0
0
0
0
0
0
0
0
0
995143
0
0
0
0
0
0
0
318657
0
0
0
0
0
0
0
0
0
0
0
0
0
0
0
0
0
1832424
0
0
0
0
0
0
0
1264260
0
0
1601209
1108079
0
0
0
0
1308278
0
0
0
595329
0
0
0
0
0
0
0
0
0
0
0
0
0
0
0
0
0
0
0
0
0
0
0
0
0
0
0
0
0
0
0
0
1379046
0
1675583
0
0
0
660257
0
817406
1736213
0
0
0
0
0
0
0
0
0
0
0
0
0
0
0
0
0
0
0
0
0
0
0
0
1386685
0
0
1527960
0
0
0
0
0
0
0
0
0
0
0
0
0
0
0
0
0
1800439
1408803
0
0
0
0
115629
0
0
0
0
0
825913
0
0
660963
0
0
1252576
0
0
0
108552
0
0
0
0
0
0
0
0
0
644947
0
228432
0
390098
942238
0
1296319
0
1366286
97655
0
0
508854
0
0
1805675
1662204
0
0
1627089
0
335520
1348359
0
0
1080984
0
1814652
0
0
0
152403
777784
0
0
113038
0
0
267339
0
0
0
0
0
0
0
0
0
0
0
0
0
0
837414
0
0
0
0
0
0
0
1128725
0
0
0
0
0
0
917323
696892
1163161
0
1422360
0
1548519
1560702
0
0
0
0
0
0
1188920
0
0
0
0
0
40844
282560
0
226555
0
0
1196590
0
0
0
0
0
0
0
981197
0
471138
0
0
0
0
0
0
1402671
0
0
0
0
568876
0
0
0
0
0
0
1765423
0
0
0
1657259
0
0
0
0
0
0
0
0
0
0
0
0
0
0
0
0
0
0
0
0
0
0
0
0
0
0
0
0
0
0
0
0
0
0
49568
0
0
0
0
885487
0
0
0
0
0
1218785
0
0
0
0
0
0
0
0
0
0
0
0
0
0
0
0
1524173
0
0
0
944970
0
0
0
0
0
0
0
741641
0
699068
0
0
0
0
0
0
0
0
0
0
1934495
0
0
1062550
0
0
0
0
0
0
0
0
0
0
0
0
0
0
0
0
0
0
0
0
0
0
0
0
0
0
0
0
0
0
0
0
0
0
0
0
0
0
0
0
1894764
1453564
0
0
1827511
0
1492045
0
0
1845557
0
1482346
0
1651373
1160302
0
987456
969535
641559
502305
0
0
55726
0
0
0
143997
0
0
0
0
0
0
1621346
0
835607
0
0
1549062
16677
108361
390855
0
0
0
0
0
0
0
0
0
1745494
1578909
39322
0
0
0
0
1159642
0
0
0
0
0
0
0
0
0
1435278
0
2011797
0
0
0
0
0
1104588
0
0
1018553
0
0
0
0
0
0
0
0
0
0
1470624
0
0
1792150
0
0
0
294282
0
0
0
0
1010196
0
0
0
0
0
794676
0
0
0
0
0
0
167377
0
0
1143274
0
0
0
0
0
0
0
0
0
0
0
0
0
0
189058
128728
0
0
0
0
0
0
0
0
0
0
0
0
0
0
0
0
0
0
0
0
0
0
0
0
0
0
0
0
0
0
0
0
0
0
0
0
0
0
0
0
0
0
0
0
0
0
0
0
0
0
0
0
0
0
0
0
0
1497735
0
0
0
0
0
1338006
0
1816437
0
0
0
0
0
0
0
0
1358608
0
0
0
0
2005093
1520212
0
0
0
0
1194103
0
305879
0
0
0
0
0
0
0
0
0
0
761750
939000
674601
1271779
0
0
0
0
0
1023953
0
1696306
0
121177
1185724
0
0
0
0
78587
0
0
0
0
0
0
0
0
163308
0
0
0
0
0
0
1207185
0
0
0
0
0
0
0
0
0
0
1902716
1322424
0
0
0
896763
0
0
0
1000821
0
746928
0
0
1125900
1098060
0
1753886
0
1986380
706864
1250791
0
0
0
0
686553
0
0
1718753
298792
0
0
875557
0
0
0
0
0
0
237829
0
0
0
0
0
0
0
0
0
0
946864
182521
1590878
0
0
0
0
1796954
0
0
944828
2091984
0
581089
0
0
0
0
466570
608568
677656
1131623
145663
0
628780
0
0
2087639
0
855768
0
0
1032279
0
0
0
0
0
0
1473190
0
2091501
0
0
0
0
0
0
0
2029637
1229373
0
0
624832
0
0
0
0
0
208089
0
0
0
0
1088301
277278
0
0
0
841727
1468386
1479231
897517
1656561
28940
0
997911
0
0
0
0
958039
0
0
0
0
0
0
256692
371399
0
0
0
0
0
0
1625592
0
0
1792919
0
0
0
0
0
0
0
0
0
1705641
0
0
0
2003648
0
0
0
0
0
0
0
0
0
0
0
0
0
0
0
0
0
0
0
0
0
0
0
0
0
0
0
0
0
0
0
0
0
1869383
0
0
0
0
0
0
0
0
0
1946200
0
0
0
0
0
0
0
0
0
0
0
0
0
0
0
0
0
0
0
0
0
0
0
1657771
0
0
0
0
1322200
0
0
0
0
0
0
989212
0
0
0
0
0
0
2002370
947856
0
0
0
0
0
0
0
0
0
0
0
0
0
0
0
0
0
0
0
0
0
0
0
0
0
0
0
0
0
0
0
1678941
0
0
0
0
0
0
0
0
0
0
0
0
0
737561
1005281
0
0
0
0
0
1773653
0
726728
0
0
0
0
0
0
0
0
0
0
0
0
0
0
0
0
0
0
0
0
0
0
0
0
0
0
0
0
0
0
0
0
0
0
0
0
0
0
0
0
0
0
0
0
0
0
0
0
0
0
0
609096
0
0
0
176409
0
0
0
1904152
1321725
934908
1848931
0
0
0
0
0
0
0
0
0
0
0
0
0
0
827496
1952079
0
0
0
0
510953
0
0
0
0
0
0
0
0
1002148
0
1644137
0
0
0
0
1100826
1959501
0
0
0
321855
0
0
0
0
1114645
1991405
358263
0
0
1142261
0
1631938
0
0
0
0
385476
0
0
0
0
0
0
1824179
0
0
495942
1835614
0
1935913
832301
0
0
320415
0
0
627001
0
0
0
0
0
640945
0
0
19323
1643420
1516327
1110896
1372545
955646
450215
291706
974522
1150841
1423061
0
0
1247412
0
357818
1560579
1966260
1588418
661381
265375
772915
1447589
0
0
1583000
0
0
0
0
0
0
0
0
0
0
0
0
0
0
0
0
0
0
0
0
0
0
0
0
0
0
0
0
0
0
0
0
0
0
0
0
0
1212949
0
0
0
0
750506
0
0
0
0
0
0
0
1840765
105023
0
0
0
0
1248054
1508234
0
0
0
0
0
1134996
0
0
0
0
0
0
0
0
0
0
0
0
0
0
0
0
0
0
0
0
0
0
0
0
0
0
0
0
0
0
0
0
0
0
0
0
0
0
0
0
0
0
0
0
0
0
0
0
0
0
0
0
0
0
0
0
0
0
0
0
0
0
1831707
0
0
0
0
1048804
0
1682377
0
0
0
0
0
953718
0
0
0
0
0
0
675084
0
976682
0
0
0
0
0
0
0
0
0
0
0
0
0
0
0
0
0
0
0
0
0
0
0
0
0
0
0
0
0
0
0
0
0
0
0
0
0
0
0
0
0
0
0
0
1215431
0
796826
817000
0
1665217
749494
911819
637423
343413
0
0
0
1268707
719969
640154
1897077
1108393
0
807718
1735213
1578491
0
298613
0
1420008
20262
397767
484037
730121
662560
1204244
0
1472844
0
0
2038544
762684
0
1887915
0
0
0
0
1419102
0
0
1833376
0
0
149962
0
0
0
1999389
0
1699864
0
0
0
0
0
0
0
0
0
0
0
0
0
0
1434258
0
0
0
0
0
0
0
0
0
0
25568
0
0
0
0
0
0
0
0
0
0
0
1457753
0
0
0
0
0
0
1763511
0
0
0
0
0
0
0
0
0
0
0
0
0
0
0
0
1299423
0
0
0
0
0
0
0
0
0
0
1717425
0
1067614
911815
1318806
0
0
0
0
0
1276535
0
0
0
0
1643756
988282
66165
119733
0
1041701
0
0
0
0
0
0
0
0
0
0
0
0
0
0
0
0
0
0
0
0
0
0
443554
0
0
0
0
0
0
0
0
0
0
0
0
0
0
0
0
0
0
0
0
0
0
0
0
0
0
1872355
1582434
1564730
1212992
215056
0
1445117
0
0
0
0
0
0
1461512
0
909753
100597
0
0
0
666233
0
1998179
0
0
0
0
0
0
0
0
0
0
0
0
0
0
0
0
0
0
0
0
0
0
0
0
0
0
0
0
0
0
0
0
0
0
0
0
0
0
0
0
0
0
160753
0
0
0
0
0
0
0
0
0
0
0
0
0
0
1920673
0
1776666
0
1163272
0
0
0
0
0
0
0
0
0
0
0
0
0
0
0
0
0
0
0
411314
0
0
0
0
0
0
0
0
0
0
0
0
0
0
0
0
0
0
0
0
0
0
0
0
0
0
0
0
0
0
0
0
0
0
0
0
0
0
0
0
0
0
0
108278
1056289
0
0
0
1484950
0
1227923
10249
0
0
664747
1048826
1716497
1178099
0
487772
0
1436810
608004
1136598
1600338
1380530
0
130718
1749838
0
1291380
0
921470
0
950711
162668
274695
90558
204809
1773233
0
889087
0
0
0
2093764
1818971
1856467
0
0
0
0
0
0
0
352824
0
0
0
0
0
0
0
0
0
0
0
594526
282993
0
0
0
0
0
1007456
529755
944601
517740
492493
0
1627612
435207
1998050
1367132
0
0
1369302
1017611
593126
825940
1059032
2060097
0
1512398
1608025
1398102
810947
1527152
0
0
0
1349201
1374067
0
0
0
0
0
780135
1798378
0
1124514
0
0
1334991
0
752336
0
0
0
0
0
910737
0
0
0
0
0
0
1147599
0
0
0
0
0
0
0
0
0
0
0
0
0
0
645725
0
0
0
0
0
0
0
0
0
0
0
0
0
0
0
0
0
0
0
0
0
0
0
0
0
0
0
0
0
0
0
0
0
0
0
0
0
0
0
0
0
0
0
0
0
0
0
0
0
0
997804
0
0
0
0
0
1710417
0
664200
0
0
0
0
0
0
0
0
0
0
0
0
0
0
0
0
0
0
0
0
0
0
0
0
0
0
0
0
0
0
0
0
0
0
1137319
0
0
0
0
0
0
0
0
0
0
0
0
0
0
0
0
0
0
0
0
0
0
0
0
0
0
0
0
1324259
0
0
0
0
0
20219
0
0
0
0
0
0
0
0
219755
0
0
1913378
0
0
429040
0
0
0
1377280
0
0
0
0
0
0
0
0
0
1426181
1974126
573221
0
170223
0
0
0
0
0
0
0
0
1782985
1832868
1263340
0
0
0
0
523008
860965
0
0
0
1771362
0
0
0
0
0
0
0
0
0
0
0
0
0
0
0
0
0
0
0
0
0
0
0
0
0
0
0
0
0
0
0
0
146596
866586
0
0
0
0
0
261607
0
395029
0
1203246
0
1571741
0
0
0
0
0
0
0
277960
2042175
2080342
0
0
0
0
0
0
0
0
1623179
0
310266
0
0
0
1076161
0
0
0
309426
1391912
1137826
0
0
0
98956
0
0
670811
951528
828612
212605
0
0
0
0
516493
0
0
0
0
833593
0
1520299
1999647
0
0
1932784
0
0
0
0
764500
0
0
0
0
0
0
0
0
0
0
0
0
0
0
0
0
0
0
0
0
0
0
0
0
0
0
0
0
0
0
0
0
0
0
0
0
0
0
0
0
0
0
0
0
0
0
0
0
0
0
0
0
0
184872
1738842
1924618
0
0
1144726
88614
0
0
127376
657806
0
1694545
32681
0
702887
2071635
1099401
271292
0
0
0
0
0
0
1974966
1022681
0
0
0
0
0
0
0
0
0
0
0
0
0
0
0
0
0
0
0
0
0
0
0
0
0
0
0
1105107
0
0
0
0
0
0
0
0
0
0
0
0
0
0
0
0
0
0
0
0
0
0
0
0
0
0
0
0
0
0
783917
0
0
0
0
0
0
0
0
0
0
0
0
0
0
0
0
0
0
0
0
0
0
0
0
0
0
0
0
0
0
0
0
0
0
0
0
0
0
0
0
0
0
0
0
0
0
0
0
2065309
0
0
478859
0
0
0
0
0
0
0
0
0
0
0
0
0
0
0
0
0
0
0
0
0
0
712309
526536
0
0
383865
1161127
0
0
1572106
0
74029
0
0
157229
0
527730
0
0
0
0
282029
0
0
0
0
965140
0
0
0
0
0
157013
0
1823562
0
0
0
0
55788
2067956
0
1485122
0
0
0
510068
713227
0
0
0
712161
0
0
0
0
0
1697946
0
1252368
0
0
0
689219
0
0
0
0
0
0
0
0
0
747657
0
0
0
0
0
0
0
0
0
0
0
0
0
0
0
0
0
0
0
0
0
0
0
0
0
0
335001
0
0
1435813
1580800
0
0
251476
0
0
0
0
1504493
1221125
0
210626
0
0
0
925892
0
2000152
0
1170
0
0
0
1521089
0
0
0
0
0
0
85866
0
0
0
0
0
0
0
1132527
44743
0
0
0
0
0
1159564
0
0
0
0
0
0
0
0
0
0
0
0
315093
5753
0
0
1835383
0
369091
1585056
2002644
1175564
1285821
1157499
813309
9728
0
1625790
0
479333
0
401695
0
1919206
639301
1491384
0
1242232
1835799
0
0
0
0
0
0
0
0
0
0
0
0
0
0
0
0
0
0
0
0
0
0
0
0
0
0
0
0
0
0
0
0
0
0
0
0
441523
0
1884452
0
1342218
0
332438
0
1876090
0
0
0
708684
0
0
0
133354
1616563
1311124
0
0
0
1556796
0
1189287
0
0
0
0
1032684
1865213
0
1119724
0
0
0
0
0
0
0
0
0
0
0
0
0
0
0
0
0
0
0
0
0
0
0
0
0
0
0
0
0
0
0
0
0
0
0
0
0
0
0
0
0
0
0
0
0
0
0
0
0
673172
1813468
334169
0
0
0
0
0
0
0
0
0
0
0
0
0
0
0
0
0
0
0
0
0
0
0
0
381971
0
0
0
0
0
0
0
0
1969857
0
0
0
476984
0
0
0
0
0
0
0
0
0
0
0
1530924
0
0
0
0
0
0
0
0
0
0
0
0
0
0
762267
0
0
0
0
0
0
0
0
0
0
0
0
0
582279
0
0
1734399
0
1579319
0
0
0
0
0
1890812
0
0
1402033
0
0
1549228
0
1813868
0
0
311917
0
661945
0
0
0
0
0
0
0
0
0
0
0
0
0
0
0
0
0
0
0
0
0
0
0
0
0
0
0
0
0
0
0
0
0
0
0
987369
1462909
443277
0
970250
831969
605140
0
0
795674
1000458
614345
1463371
1068387
0
0
1609374
0
1524627
383498
0
0
0
1864676
0
0
0
0
0
0
678926
668576
773000
787758
619993
0
0
811302
878591
1102550
503428
395438
282959
793341
1461764
1721066
125243
0
1890469
0
1304417
1766904
1563667
1709751
1000644
809078
833152
0
0
0
202969
651055
1859726
1884101
0
0
0
0
0
0
0
615647
0
0
0
0
0
0
0
0
1182673
2004945
0
0
1600361
0
0
0
0
0
0
0
0
0
0
0
1866092
1097172
1578418
1893405
1830297
909152
0
829775
0
0
0
0
0
0
0
0
238302
1421441
0
2015056
1273268
1185500
0
1316403
0
0
1026197
0
0
0
0
0
840169
868389
1497966
670308
806597
901932
1008666
444548
0
1923389
0
728171
0
0
0
0
1631497
0
0
0
1139994
1640159
1370356
1313707
0
0
386650
0
2069078
400951
1342848
0
0
0
0
0
0
0
0
0
0
0
0
0
0
0
0
0
0
0
0
0
0
0
0
0
0
0
0
0
0
0
0
0
0
0
0
0
0
0
1184057
0
0
0
0
0
0
0
0
0
0
0
876715
0
0
0
126367
0
0
0
0
0
0
0
0
0
0
0
0
0
0
0
0
0
1187839
0
0
0
0
0
0
0
0
1874349
0
0
0
0
0
1153340
0
0
0
0
0
0
0
1813872
0
0
0
0
0
0
0
0
1785197
0
601975
0
0
0
0
1659348
0
0
0
0
0
0
0
0
0
0
0
0
1661943
0
0
0
0
0
0
0
0
0
0
0
0
0
0
0
0
0
0
0
0
0
0
0
0
0
0
0
0
0
0
0
0
0
0
0
0
0
0
0
0
0
1782585
0
0
0
0
0
0
0
0
0
0
0
2008050
0
0
1866671
0
0
1114614
0
0
0
0
0
0
848679
949444
1101359
0
295880
757508
0
1821623
0
0
0
1120216
741746
0
23901
1416886
0
0
0
1085202
0
404999
0
0
0
0
0
0
1529037
0
0
0
0
293678
463616
623861
841997
0
1521949
0
0
1969552
425082
0
1867489
0
0
0
1131799
620279
677816
1423924
0
1322976
0
0
0
0
0
0
0
0
0
0
249624
0
0
0
1792260
664984
0
0
1391258
0
0
0
0
0
262045
0
975588
0
1150003
0
0
0
0
0
0
0
0
0
0
0
0
0
0
487152
1045754
0
0
628211
874082
1946706
1373475
141352
0
0
0
1286218
965782
0
0
472759
110366
0
0
1109206
0
0
502185
728060
0
0
371099
0
638542
1714931
610787
1584957
1408722
1011876
1953981
1726390
1968881
141561
0
79394
0
2033907
1422476
39380
797787
926810
2006676
731287
766337
0
0
862479
925603
0
0
1551695
0
0
0
0
1714837
0
766115
1401785
602329
2023339
85945
0
1988215
1363688
400215
0
0
0
0
0
0
1652862
0
0
0
0
0
0
370917
0
1862807
541052
313207
0
0
0
2011085
0
0
0
0
0
0
0
0
0
0
0
0
0
0
0
0
0
0
0
0
0
0
0
829548
0
0
0
0
0
0
0
0
0
0
0
0
0
110511
0
0
253645
1247414
270687
0
1240559
0
1033273
0
0
0
0
660769
506838
306211
1004707
1630954
1347478
539863
1752143
0
124836
0
2062453
0
498204
0
527058
0
0
0
0
0
0
0
0
0
0
411451
444253
1787270
0
0
0
0
0
175481
1655631
0
0
0
0
715773
0
0
0
0
0
0
0
0
0
0
0
0
0
0
351345
0
0
0
0
0
0
0
0
0
0
0
0
0
0
0
0
0
0
0
0
0
0
0
0
0
0
0
0
0
0
0
0
0
0
0
803526
0
0
0
0
0
0
0
0
0
0
0
56051
0
0
134769
0
0
0
0
0
1583889
0
0
0
0
0
0
0
572201
0
0
0
0
0
0
0
0
0
0
0
240031
0
0
716375
1993257
0
416004
0
0
0
0
749016
0
0
0
0
0
0
0
1493389
0
141076
0
0
0
0
0
0
0
477599
0
0
0
0
0
164673
0
0
0
1566226
0
114227
0
0
0
1795898
0
0
0
1081148
0
814587
1427533
0
0
0
0
0
900555
0
0
0
0
0
0
0
0
0
0
1227802
0
0
0
0
0
0
0
0
0
0
0
0
0
0
0
0
0
0
0
0
0
0
0
0
0
0
0
0
0
0
0
0
0
0
0
0
0
0
0
0
290454
0
0
0
0
0
765304
0
0
508508
0
0
0
0
0
0
0
1071893
0
0
0
0
0
0
0
1099120
0
0
0
1065770
1601996
0
0
0
817624
1108380
0
836131
1848521
683333
0
0
1933588
0
0
0
0
0
1134170
0
1540479
0
1368999
1868531
535303
0
0
0
585625
28203
0
0
0
0
27644
0
0
0
1013495
1506860
0
1020212
802617
0
0
1933579
0
0
0
0
0
0
0
0
2022884
0
0
1620619
0
0
0
0
0
0
54742
1399018
331087
0
0
0
0
0
0
0
0
0
0
1338188
0
0
0
0
0
996025
1396523
0
0
0
0
1181471
0
0
0
1562313
0
0
0
0
0
0
1506125
0
0
0
1514829
1969103
0
0
0
0
0
0
581280
389991
0
0
0
0
775148
0
0
0
0
847245
652355
1721045
0
0
0
0
0
856098
0
0
0
0
0
0
0
0
0
0
0
0
0
0
0
0
0
0
0
0
0
0
0
0
0
0
0
433463
0
0
1130142
1427027
0
0
0
0
0
0
0
0
0
0
0
0
1925771
422287
0
0
0
1181260
0
0
0
958942
2096192
0
449044
0
0
0
0
0
0
0
1313257
0
0
225928
0
0
0
0
0
0
1305316
0
0
0
0
0
0
0
0
2007379
107422
0
0
436810
0
0
0
0
0
0
0
0
0
0
0
0
0
0
0
0
0
0
0
0
0
0
0
0
0
0
0
0
0
0
0
0
0
0
0
430969
0
0
503935
0
0
486632
1469557
1780345
0
0
0
272797
1568172
412369
0
1483239
0
0
0
0
0
0
0
0
0
0
0
0
0
534834
0
0
0
0
0
0
0
0
0
0
0
0
0
0
0
0
0
0
0
0
0
0
0
0
1549411
426282
0
0
0
1425043
0
0
0
1641236
1399472
0
0
0
0
0
0
0
0
0
0
0
1876264
1053027
0
0
0
0
0
0
0
0
0
0
997743
0
254616
0
0
0
0
0
0
0
0
0
0
0
0
0
0
0
1697655
0
0
0
0
1197923
0
0
0
812985
0
1159931
0
0
1930729
0
0
0
0
0
0
0
0
0
0
0
96756
0
0
0
0
0
0
0
0
0
0
1729951
1423847
0
0
325569
0
0
0
0
847455
1084066
0
0
1934648
0
1383768
225067
0
937951
1949407
0
0
1371269
1125223
1909895
0
1764971
1387704
1782761
2060165
367329
639318
405530
432342
596241
631869
157928
1701494
1382373
2090907
0
0
0
236099
1522195
0
0
0
0
0
0
0
0
0
16429
1896554
0
0
2036410
1293785
0
0
0
0
0
0
0
0
0
214401
0
0
0
0
0
0
0
0
0
872369
0
1680376
0
867660
0
0
1892594
0
1812840
0
0
0
182219
0
0
0
0
0
906208
0
733681
161711
1102540
0
0
0
0
0
0
580253
1254641
0
0
0
0
1178375
1637094
0
0
0
0
0
0
0
0
0
0
0
0
0
0
796005
0
0
0
0
0
0
0
0
0
0
0
0
0
1106339
1172243
0
0
0
0
0
0
0
1896565
1857028
764486
0
1163127
545437
97447
1978481
0
101159
0
0
1813478
0
0
368110
0
2036476
0
0
0
0
0
0
0
0
0
0
1124013
0
0
0
0
0
0
0
0
1966879
29806
0
0
0
0
0
0
0
0
0
0
0
215246
0
189402
0
0
0
0
0
0
0
0
0
0
0
0
0
0
0
1005462
0
0
0
0
0
0
0
0
0
0
0
30127
0
0
0
0
0
0
0
0
0
0
0
0
0
0
0
0
0
350615
0
0
0
0
0
0
0
0
0
0
0
0
0
0
0
1822214
0
0
0
0
356127
0
0
1350139
0
0
0
0
730146
0
0
0
0
0
0
590182
0
0
1854320
1646899
0
0
0
0
1625819
0
0
533793
0
1363648
0
0
0
0
0
0
0
0
0
0
0
0
0
0
0
0
0
0
0
189552
0
0
0
0
0
0
0
0
0
0
654559
0
0
0
0
0
0
0
0
0
0
1245309
0
0
0
0
0
0
0
0
1758831
766923
0
0
0
0
0
0
0
0
0
1476599
0
0
0
0
0
0
0
0
0
0
0
0
0
0
0
0
0
0
0
0
0
0
0
0
0
0
0
0
0
0
0
0
0
0
0
1508348
750207
1533105
2030238
0
0
602374
661985
856797
1617841
1364116
2006047
1342912
1280098
2070521
395202
0
140860
910721
2078771
0
1266580
1137871
1169911
1381176
421994
50444
1114074
666146
0
399952
886527
869348
0
0
1776693
706835
1003421
259244
0
434693
0
0
0
0
0
258254
0
0
0
0
0
119303
0
0
0
0
119963
0
0
0
0
0
0
0
0
0
0
0
0
0
0
526526
0
0
0
0
0
0
0
0
1027311
0
1957298
980318
0
213986
1373940
2078116
0
0
0
0
0
0
0
0
0
0
0
0
0
0
0
0
0
0
0
0
0
0
0
0
0
0
0
0
0
0
0
0
0
0
0
0
0
0
0
0
0
0
0
0
0
1089964
0
318843
0
1500901
0
0
0
696468
0
0
0
1536915
0
0
0
0
0
0
0
0
548593
1810532
324283
742087
1762244
1827713
549546
0
813488
0
0
1478477
44172
0
974939
1441333
0
0
1767033
0
1438089
0
0
1159371
0
0
0
0
0
190831
0
933412
0
596879
1623730
0
873882
0
0
0
0
0
0
0
1023827
0
0
0
0
0
0
0
0
0
0
0
0
1568631
374795
0
0
0
0
0
0
0
1167294
0
1382761
0
0
936843
0
0
50800
0
0
0
0
0
0
468665
0
0
0
0
0
0
524201
0
0
0
0
0
0
0
0
0
0
0
0
0
0
0
0
0
0
0
0
0
0
0
0
0
0
0
0
0
0
0
471956
0
0
0
0
0
0
0
0
0
0
0
0
0
0
0
0
0
0
0
0
0
0
0
0
42538
0
0
0
394075
0
0
0
1964710
0
0
0
0
0
0
0
609505
0
0
0
0
337197
829798
0
0
0
627372
1145376
0
1650720
0
0
0
0
0
1509752
0
1125159
0
0
939166
0
0
869079
26099
321522
1411421
376117
0
0
0
0
0
1165880
0
0
1430926
1510632
927764
920124
1633525
0
0
1142545
0
0
780579
0
1710559
2087153
0
0
0
0
0
551232
0
0
656982
1083376
516995
58811
1644324
0
0
0
2057980
993021
0
0
1571981
0
1302218
0
0
223527
0
382172
0
0
1933404
0
1714014
0
0
1079689
0
0
0
0
0
0
0
514817
0
0
0
0
0
0
0
0
0
0
0
0
0
0
0
0
0
0
0
0
0
1624299
0
0
0
0
0
0
0
0
0
0
0
0
0
0
0
0
0
0
0
0
0
0
0
0
0
0
0
0
0
0
0
0
0
0
0
0
0
0
0
712852
0
0
0
0
0
0
1461584
0
0
0
79814
0
0
750078
0
0
0
0
0
0
0
0
0
457226
0
1294172
0
0
836288
0
0
107220
0
0
0
0
0
0
0
0
0
0
0
0
382034
0
0
0
0
0
0
0
0
0
0
0
0
0
0
0
0
0
0
0
0
0
0
910120
1816365
1809947
823256
823188
1075075
895832
0
0
0
0
1781414
1598471
1905496
257213
528381
1365007
379866
452544
0
1349612
0
2039086
0
1117617
0
0
873941
0
1376927
0
351207
1276593
94873
0
197858
0
0
0
0
0
0
0
0
0
0
0
0
0
1912371
0
0
0
0
1651854
1032783
1734791
0
0
0
0
0
0
0
0
0
0
0
0
0
0
0
0
0
0
0
0
0
0
0
0
0
0
651267
0
0
0
0
0
0
0
0
0
0
0
0
1520526
0
0
0
0
0
0
0
115654
0
0
914545
0
0
0
0
1717799
0
0
0
0
0
0
1865637
0
1900734
1961492
1307990
0
0
553397
0
0
0
0
0
0
0
0
0
0
0
386819
0
0
0
0
0
0
0
0
0
0
0
1654550
0
1413800
0
0
711510
0
0
0
658976
0
0
0
197438
0
0
0
1647667
0
0
0
0
0
0
0
0
0
0
0
0
0
0
0
0
0
1594657
0
0
0
0
0
0
0
0
0
0
1397145
1812704
0
0
0
0
0
0
0
0
0
0
0
1076392
1103126
0
0
0
0
0
0
1806894
0
0
465578
0
0
0
1884166
0
1864824
0
0
0
0
0
0
0
0
81109
0
0
0
1469764
0
0
0
2081386
1886332
0
0
377142
1650092
434647
105004
0
0
0
0
0
0
223017
88562
1518562
1039414
237865
0
408244
565494
0
1711814
1560244
0
1193240
0
2059193
1277658
185567
106614
807829
1444550
1807122
1158522
0
0
1005816
1998535
356515
1784522
1933758
494011
1923150
0
1906720
0
1553037
0
48839
1133406
352535
1940307
1202838
162965
0
0
0
582320
0
0
1132270
1712223
0
0
0
836860
1467379
0
0
0
0
0
1568475
0
0
980584
187927
688469
1501654
1207588
476124
179740
2090270
1073249
0
240511
0
92848
0
0
0
0
1000010
839441
325075
0
1005654
0
627669
0
0
1632989
0
0
0
0
0
0
0
0
418385
0
0
0
908662
0
0
0
0
0
1572020
0
0
0
0
0
0
0
0
0
0
104590
0
0
0
0
0
0
0
0
0
0
0
0
0
0
0
0
0
0
0
0
0
0
0
0
0
0
0
0
0
0
0
0
0
0
0
0
0
0
0
0
696929
0
0
0
0
0
0
0
0
1630299
2081403
0
1695459
2024334
0
0
277270
0
0
0
0
0
0
0
1833327
0
713759
0
0
0
904692
0
0
0
0
0
0
0
0
0
0
0
0
0
0
0
0
0
0
0
0
0
0
0
0
0
0
0
0
0
0
0
0
0
0
0
0
357467
0
0
0
0
0
0
0
0
0
0
0
0
0
0
0
0
0
0
0
0
0
0
0
0
0
0
0
0
381502
0
0
0
0
0
0
0
0
0
0
0
0
0
0
0
0
0
0
0
0
0
0
0
0
0
0
0
0
0
0
0
0
0
0
0
0
0
1715214
199656
1072396
1927888
250124
0
0
0
0
0
1817073
0
0
0
0
0
0
800929
0
0
0
0
0
0
1759963
0
0
0
0
0
0
0
207158
0
0
0
0
0
0
0
0
0
1232273
320149
0
0
0
56659
0
0
0
465798
1822061
1945778
0
1541558
909358
1472487
0
0
0
0
0
0
0
0
0
0
0
0
0
0
0
0
0
0
0
0
0
0
0
398107
0
0
0
0
0
746996
0
0
0
0
0
0
0
0
0
0
0
0
0
0
0
0
0
464885
0
0
0
0
0
0
0
0
0
0
0
0
0
0
0
0
0
0
0
0
1523730
1782370
0
0
0
0
0
0
0
0
0
0
0
0
0
0
0
0
0
0
0
0
0
0
0
0
0
0
0
0
0
0
0
0
0
0
0
0
0
0
0
0
0
0
0
0
0
0
0
0
0
726042
0
0
0
0
0
0
0
0
0
0
0
0
1861432
0
0
0
0
0
0
0
0
0
0
0
0
2014540
0
0
0
0
0
0
0
0
0
0
0
0
985601
0
0
0
0
487548
1976919
0
0
0
0
0
0
0
0
0
1642739
0
0
0
0
1211688
0
0
0
0
0
1123542
0
0
0
0
0
436365
0
0
0
0
0
0
0
0
0
0
0
699698
0
0
0
0
0
0
0
0
0
0
0
0
0
0
0
0
0
0
0
0
0
0
0
0
0
0
0
0
0
0
0
0
0
0
0
0
0
0
0
0
0
0
0
0
0
0
0
0
0
0
0
0
0
2083003
0
1934106
2011932
1307123
1255280
0
0
0
0
0
1990338
0
0
1115086
0
361206
0
0
0
0
0
0
0
0
0
0
0
0
0
1852796
0
0
0
0
0
504767
0
0
0
0
0
0
0
0
0
0
0
0
0
0
380491
0
0
0
0
0
0
0
0
0
0
0
0
0
0
0
0
0
0
0
0
0
0
0
0
0
0
0
0
0
0
0
0
0
0
0
0
0
0
0
0
0
0
1068181
1589141
1121183
1020835
1272939
468306
1102406
1152573
0
1167418
0
1651721
1022623
499351
151440
815260
1297386
1176807
1465780
1245803
1221776
1403667
520330
719958
977614
1158435
1148892
368244
517323
2085030
1693173
599954
688207
0
0
0
0
0
0
0
0
0
0
0
0
0
0
0
0
0
0
0
0
0
0
0
0
0
0
0
0
0
0
0
0
0
0
0
0
0
0
0
0
0
0
0
0
0
0
0
0
0
0
0
0
0
397253
0
0
0
0
0
0
0
0
0
0
0
0
0
0
0
0
1164335
0
0
0
0
0
0
0
0
0
0
0
0
0
0
0
0
0
1379693
0
447745
948254
0
0
56718
0
0
0
0
0
0
0
0
1035651
1024396
0
0
0
0
0
0
0
0
123406
0
0
809103
0
0
0
0
0
0
0
0
0
0
0
0
0
382932
1796250
0
0
0
0
0
65674
0
0
0
0
1852312
0
0
0
0
0
0
0
0
0
0
0
0
0
0
0
0
0
0
0
0
0
0
0
0
0
0
0
0
0
0
0
0
0
0
0
0
203474
0
0
0
0
270093
0
0
0
0
0
1752305
0
1491277
0
0
0
0
0
0
0
0
0
0
0
993889
0
0
0
0
0
0
692837
0
0
721565
0
0
792109
578846
1695180
0
0
1792484
439514
0
0
0
0
0
0
0
0
0
0
0
0
0
0
0
0
0
0
0
0
0
0
0
0
0
0
0
0
0
0
0
0
0
0
0
1649618
0
0
0
0
0
0
0
0
0
0
0
0
0
0
0
0
0
0
0
0
0
0
0
0
0
0
0
0
0
0
0
0
0
1391178
0
0
0
0
0
0
0
0
0
0
0
0
0
0
0
0
0
0
0
0
0
0
0
0
0
0
0
0
0
0
0
0
0
0
0
0
0
0
0
0
0
0
0
0
0
0
0
0
0
0
0
1476096
0
0
0
0
0
0
686278
0
342004
0
1691317
1166039
0
2094975
0
1954214
318257
0
0
0
0
0
0
0
1220909
1696698
1724790
0
67933
0
857439
0
819689
0
0
774595
0
0
0
0
0
1243777
0
681492
0
0
0
0
0
821554
0
0
679025
0
0
0
813978
0
0
0
0
0
0
0
0
0
0
0
1537573
0
0
0
0
0
1708143
0
0
0
0
0
0
919458
0
1054504
0
0
81397
0
0
0
1537513
0
0
0
0
0
0
0
0
0
880912
0
0
0
0
0
0
0
0
0
0
0
0
0
0
0
0
0
0
0
0
0
0
0
0
0
0
0
0
0
0
0
1381860
0
0
0
0
1540480
0
0
0
0
0
0
0
0
0
476796
0
169137
0
0
0
0
0
0
0
0
0
0
0
0
1604698
0
0
0
0
0
0
0
0
0
0
0
0
0
0
0
0
0
0
0
0
0
0
0
0
0
0
0
0
0
0
0
0
0
0
0
1428555
0
240281
0
0
108164
0
1142750
0
0
1637101
0
0
0
0
0
0
0
2017383
0
0
0
0
0
253225
0
0
949152
462891
0
1060301
0
0
1710604
860286
1512788
2056225
1939262
686116
0
0
0
789879
0
1399932
0
1220687
0
0
992549
1515141
1821665
360917
0
0
0
1553116
0
756409
0
1547372
0
0
0
675922
0
0
1443770
0
276414
0
0
0
0
0
0
1368326
0
0
0
0
0
0
0
0
0
632513
2095542
0
58216
0
0
0
1852783
0
0
0
0
0
0
0
0
0
0
0
0
0
0
0
0
0
0
0
0
0
0
0
1075569
1379107
0
0
0
1849665
0
0
0
0
0
0
0
0
719808
1093197
0
0
0
844826
0
0
694313
520463
0
0
65797
0
0
0
0
0
141981
2023296
597697
325617
0
418045
0
0
0
0
0
0
0
0
0
0
0
0
0
0
0
0
0
0
0
0
0
0
0
0
0
0
0
0
0
0
0
0
0
0
0
625505
0
0
0
0
0
0
0
0
0
0
0
0
0
0
0
0
0
0
0
0
0
0
0
0
0
0
0
0
0
0
0
0
0
1353133
0
1138296
1373793
0
0
521936
0
2018155
1850845
0
0
337042
0
0
0
487651
585627
433306
991000
321761
1245201
665762
0
0
0
0
1999880
87955
234643
0
0
0
0
0
0
0
0
0
0
0
0
0
0
0
0
0
0
0
0
0
0
1284279
0
0
0
0
0
0
1152694
1251642
0
0
0
0
0
0
0
0
0
0
0
0
0
0
0
0
0
1794521
0
0
0
0
0
0
0
0
0
0
0
0
0
0
0
0
0
0
0
0
0
1875284
0
240963
1243129
1734238
0
1147122
0
1305293
0
734300
0
1422783
0
1558860
134127
0
1121287
1160988
1534788
555208
0
1233011
0
647337
0
0
1676466
136082
0
0
0
0
0
0
0
0
0
0
0
0
0
0
561564
0
0
593636
0
653543
0
1642994
0
0
0
0
0
0
0
0
0
0
0
0
0
0
0
1960500
0
0
1397507
0
0
0
0
0
0
0
0
1772846
0
0
0
0
0
0
0
0
0
0
0
0
0
0
1197370
0
1547193
0
0
1031301
0
0
0
34256
0
0
1098862
0
0
0
0
0
14404
0
0
0
0
606192
0
341124
0
0
1448437
240203
0
0
0
1521090
0
0
0
0
0
0
0
0
0
0
1751639
1836093
1018820
1291659
0
0
0
836022
0
707248
0
0
0
1315506
0
0
0
0
0
0
0
0
0
0
0
0
0
0
0
0
0
0
0
0
0
0
0
0
0
0
0
0
0
0
0
0
0
0
0
0
0
1902242
6950
0
161185
766934
0
1811384
0
256183
2068607
0
0
0
1190508
1955709
0
790061
246630
652661
811461
0
562806
1984300
1546497
1228133
310613
175542
1284012
0
0
0
1331664
0
0
0
0
0
0
202469
0
0
0
0
0
0
0
0
0
1252931
0
0
0
0
0
0
0
0
0
0
0
0
0
0
0
0
0
1532251
658494
917647
0
0
1873591
0
0
0
137216
0
0
0
1779567
1199182
1334630
0
0
0
327622
0
0
0
812550
1672297
2080298
0
0
0
1184366
0
923495
475234
1807401
642085
675401
475136
228884
833425
0
0
913652
876111
1431402
0
0
626501
1069591
656557
1224379
1407787
550447
1801215
0
1892259
0
0
1276079
1006594
1891645
0
1092370
0
0
0
1024649
0
0
0
2067637
0
0
0
0
0
0
0
0
0
0
0
0
0
0
0
0
0
0
0
0
0
0
0
1460343
0
0
0
0
0
0
0
0
0
0
0
0
0
0
0
0
1946854
0
0
215640
0
0
0
0
0
0
0
0
0
0
0
0
0
0
0
0
0
0
0
0
0
0
0
0
0
0
0
0
0
0
0
0
0
761028
0
0
0
0
0
0
0
0
0
0
0
469853
0
1965020
0
1342606
0
0
0
0
0
1970694
0
0
0
0
0
0
0
0
0
1704070
0
0
860958
0
0
0
0
726205
0
0
0
0
0
0
0
0
190363
0
0
137460
0
0
0
0
0
0
0
0
0
0
0
0
0
83887
0
0
1925301
0
0
0
0
1365497
928850
0
0
0
630655
0
0
0
1496106
0
0
0
0
0
0
0
0
0
0
690913
0
1287603
0
0
1015417
0
0
0
0
0
0
0
0
0
0
0
0
0
0
0
0
1781488
0
0
0
1192524
0
0
0
145395
0
0
0
0
0
0
0
0
0
0
0
0
120936
0
594465
0
1845933
1482837
1699449
811383
1858112
0
1232952
0
0
0
1307907
0
0
1156220
0
191452
0
0
0
0
0
0
463794
0
0
0
0
0
359931
0
0
0
0
0
0
0
96957
0
0
0
0
549305
0
0
0
1651066
0
0
0
0
1139717
0
1141566
0
0
0
1502068
0
0
0
0
0
1943975
0
1343174
0
1305032
713025
0
0
791115
0
0
0
0
0
0
0
0
0
0
0
0
0
0
0
0
0
0
0
0
0
0
982992
0
0
0
0
0
0
0
0
0
0
0
0
0
1455033
0
0
0
292402
0
0
0
0
0
0
0
0
0
0
0
0
0
997998
0
0
0
0
1249745
0
0
0
0
0
0
0
0
0
536036
0
0
0
0
0
0
0
0
0
0
0
0
0
0
1561586
0
0
1397210
0
1896171
1992319
0
0
10643
1801668
0
0
323712
0
0
385357
0
0
0
27385
0
0
0
0
0
1301148
0
0
0
0
0
0
0
0
0
0
0
0
0
0
0
0
0
0
0
0
0
0
0
0
0
0
0
0
0
0
0
0
0
62477
0
0
0
0
0
0
0
0
0
0
0
0
0
0
0
0
1919049
0
0
0
0
0
0
0
0
0
0
0
0
0
0
0
0
0
0
0
0
0
0
0
0
0
0
0
0
0
0
0
0
0
0
0
0
0
0
0
0
0
0
0
0
0
0
0
0
0
0
0
0
0
1771407
36906
1176117
0
2028559
0
831855
0
1575400
0
0
71872
632325
0
0
0
0
0
0
0
0
0
1492713
144652
1951058
1069690
737234
1389051
63734
0
1580733
0
1076453
1802649
955922
0
0
1550623
0
0
1708432
0
1312617
423173
1647934
1242371
201391
749426
478237
267599
123168
0
0
0
0
0
0
1737828
670874
0
0
0
0
0
1491285
0
936698
552599
1003585
1571628
1108006
1139600
977140
490796
774112
543098
635825
1538743
0
1727782
0
113869
1826356
1754992
643136
188978
468396
1765420
1487272
638101
0
0
0
890943
0
0
0
0
0
0
327244
0
0
0
0
0
0
0
0
0
0
0
0
0
0
0
0
1856834
0
0
0
0
0
0
0
0
0
0
0
0
0
1051915
19534
1373070
0
0
0
1609961
0
0
1477353
1992891
0
0
0
0
0
0
1063955
0
0
0
0
1857399
0
0
0
0
1597147
0
0
0
0
0
0
0
0
0
0
0
0
0
0
0
0
0
0
0
0
0
0
0
0
0
0
0
0
0
0
0
0
0
0
0
0
0
0
0
0
0
0
0
0
0
0
0
0
0
0
0
0
0
0
0
0
0
0
0
0
0
0
0
0
0
0
0
0
0
0
0
0
0
0
0
0
0
0
0
0
0
0
0
0
0
0
0
0
0
180505
0
0
0
0
0
0
0
0
0
0
1729295
0
0
0
0
0
0
0
0
0
0
0
0
0
0
0
0
0
0
0
0
0
0
0
0
0
0
0
0
0
1750149
0
1905420
1044284
113712
934677
1720012
1088096
821400
1126863
1768106
1322008
0
0
737216
0
704968
0
0
1944487
0
0
1044180
0
0
1585982
0
1596061
0
0
0
0
1081770
937366
1189338
0
0
0
448320
0
0
0
0
0
0
0
0
922452
0
0
0
0
2053252
0
0
0
0
0
1112772
1314592
0
0
0
0
0
869836
0
0
0
1002820
0
0
0
0
0
0
0
0
0
0
0
0
1737905
0
0
0
0
0
0
1839568
0
0
0
0
1226957
0
0
0
0
0
0
0
0
0
0
0
0
0
0
0
0
1747220
0
1384442
0
0
0
0
0
787714
0
0
0
1967323
0
0
0
0
0
0
0
0
0
0
0
0
0
0
0
0
0
0
0
0
0
0
0
0
0
0
0
0
0
0
0
0
0
0
0
1431067
0
1516279
1781393
481800
0
0
998939
0
0
0
0
363094
0
0
1455360
0
665462
359350
0
0
0
0
535753
2057463
0
1535289
0
0
0
0
1326092
1734871
0
0
0
0
0
0
0
0
0
0
0
0
0
0
0
2088247
0
0
0
0
0
0
0
0
0
0
0
0
0
0
0
0
0
868613
1581590
0
0
0
0
0
0
0
916589
1420107
1403702
0
0
0
0
0
338060
1929330
0
0
0
0
0
725190
0
0
0
0
0
1448526
1241679
404765
464699
1049400
1544489
1540430
796295
870182
1303684
858370
818840
1403141
888759
1015443
1147908
915410
554775
1306169
2082821
1163453
95345
795576
1818610
773069
722470
840522
1578522
1755406
0
976155
1519733
0
0
0
0
1190628
0
55487
0
411204
0
786561
0
0
0
614861
0
0
1124333
0
1256318
1200026
0
436133
0
955374
0
1484144
0
0
0
0
0
0
0
0
0
0
0
0
0
0
0
0
0
0
1428543
0
0
0
85692
1851537
0
0
0
0
1795430
0
0
0
0
0
0
0
0
0
0
0
978807
0
0
0
0
0
0
0
0
92451
0
0
0
0
0
0
1553684
0
0
1576145
0
0
0
0
0
0
204918
0
0
0
0
0
0
0
0
0
0
0
0
0
0
0
0
0
0
0
0
0
0
0
0
209500
0
0
0
0
0
0
0
0
0
0
1493696
0
0
698513
0
734126
1628910
1766227
1011685
617604
0
0
0
1557684
116728
0
0
0
0
1687668
0
0
138616
1372601
0
0
0
0
0
1509926
0
0
0
0
0
0
0
0
0
0
0
0
0
0
0
0
0
0
0
0
0
0
0
0
0
0
0
0
0
0
0
0
0
1002413
0
2009900
402268
0
0
0
0
0
967585
0
1204732
2003061
2048023
1123538
847863
760487
747860
1340199
1510206
0
1677181
0
0
0
1311471
0
1657886
0
0
1709918
0
0
272158
0
0
0
0
88327
0
389540
1997003
0
1722141
1371659
421869
648672
0
0
0
0
0
0
0
565660
271693
579924
1086343
916068
1127561
1551626
1317757
1035609
1454727
0
0
0
0
0
0
0
0
0
0
0
0
0
0
0
0
0
0
0
0
0
0
0
0
0
0
0
0
0
0
0
0
1396606
0
0
0
1954468
793161
599802
0
0
0
1212629
0
0
0
0
0
0
0
0
0
0
0
0
0
0
0
128126
1619533
0
535086
0
0
0
0
0
0
0
0
0
0
0
0
0
0
300264
0
0
0
0
0
1481921
0
0
498009
0
1830746
1044322
626826
0
0
0
0
0
0
0
0
0
403503
0
0
0
0
0
0
432604
0
0
0
0
0
0
0
0
1171133
0
0
0
0
0
0
0
0
0
2064261
0
0
1523322
0
675038
0
1373904
1398266
1223949
1794090
512439
61352
1613439
1347872
489657
1564068
1816038
0
238422
0
1579559
980300
741045
135089
1068770
1909925
0
0
1953267
0
1453531
112466
415406
0
0
178566
0
0
0
0
0
0
0
1827709
0
0
0
0
0
0
0
0
0
0
0
0
0
0
0
510480
0
0
0
0
0
0
725635
1395678
1321159
1131267
1202148
868453
891201
1087554
809784
1185879
1463515
826199
922553
1092133
1228865
1116827
879918
840436
887882
1297367
1330385
928111
1057820
1127049
729531
1133470
967994
1227693
1014625
1137146
1008393
868903
0
0
0
0
0
0
0
0
0
0
0
0
0
0
0
0
2009438
0
0
0
0
0
811191
0
1095771
0
0
0
0
0
0
0
1727864
2057040
729896
1325169
0
218413
0
0
0
1934
0
1559086
214496
0
2027377
0
635823
891095
1325739
0
1901402
0
878671
1855389
10024
0
1259862
2058955
1211038
577843
778724
1495559
1637619
404034
1443581
2003617
0
653793
1771811
0
1222335
1225078
0
1351785
0
0
643700
0
0
0
1466150
0
0
1668345
0
1957101
0
1896331
794591
0
0
198808
1332556
0
0
0
0
0
0
0
0
0
0
0
0
0
0
0
0
0
0
0
0
0
0
0
0
0
0
0
0
0
0
0
0
0
0
0
0
0
0
0
0
1587235
0
0
0
0
0
0
0
0
0
0
0
0
0
0
0
0
0
0
1609956
0
0
0
0
0
0
0
0
1810621
0
0
0
0
0
0
0
0
0
0
0
0
0
0
0
0
0
0
0
0
0
0
0
0
0
0
0
0
0
1439902
0
0
0
0
0
0
0
0
0
0
1833234
0
0
0
0
0
336962
0
0
0
875432
0
0
0
0
0
0
0
0
0
0
0
0
0
0
0
0
0
0
0
0
0
0
0
0
0
0
0
60807
0
0
0
0
0
0
0
0
0
0
0
0
0
0
0
0
0
0
0
0
0
0
239542
0
981549
0
194566
0
0
0
0
1126878
0
0
0
0
0
0
0
416087
0
0
1176879
0
0
0
210070
0
0
10964
1096124
0
1429909
0
966517
0
0
2045804
0
0
0
503890
776410
580366
0
0
0
582085
0
0
643959
1205581
0
0
0
67927
1425400
0
0
0
0
0
0
0
0
0
0
0
0
0
0
0
0
0
0
0
0
0
0
0
0
0
0
0
1531193
0
0
0
0
0
0
0
0
0
1805127
0
0
0
1409187
0
0
0
0
0
0
0
0
0
0
0
0
118790
0
0
0
0
0
0
0
0
0
0
0
0
0
0
0
0
0
0
0
0
0
0
0
0
0
0
0
0
0
0
0
0
0
0
0
0
0
0
0
0
0
1525487
0
0
0
0
166891
0
0
0
1538039
0
0
0
0
0
0
161066
0
0
0
0
0
0
1460061
0
0
0
0
0
0
0
502389
0
0
0
0
0
0
0
0
0
0
0
0
0
0
0
0
0
0
0
0
0
0
0
0
0
0
0
0
0
0
0
0
0
0
1441403
0
1901325
0
0
525937
305582
0
0
0
0
267569
0
110562
0
0
0
0
759347
1707377
1047759
126761
0
0
0
0
0
0
0
0
0
1243738
0
0
0
0
0
901902
0
0
0
0
0
0
0
0
0
0
0
0
0
0
0
1773369
0
0
0
0
0
0
0
0
0
0
0
0
0
0
0
0
0
0
1130706
0
0
0
0
0
0
0
0
0
0
0
0
0
0
0
0
0
0
0
0
0
171010
1866204
1907444
626475
0
304499
1972578
0
0
0
0
0
0
0
1756184
0
0
0
0
0
199069
0
0
0
1034063
0
0
0
0
0
0
0
279389
0
0
1254695
0
0
0
0
388240
0
0
0
0
0
1463742
0
1117576
0
0
0
0
0
0
0
0
0
0
0
0
0
0
0
0
0
0
0
0
0
0
0
0
0
0
0
0
0
0
0
0
0
0
0
0
0
93757
0
0
0
0
0
0
0
0
0
0
1322784
0
0
0
0
510342
0
0
1920966
0
764267
0
0
0
0
1722867
0
924446
0
0
873582
0
0
1661030
0
0
0
1423090
1648124
0
0
0
0
0
0
0
0
0
0
0
0
0
0
0
0
1629112
865799
0
0
0
0
0
0
0
0
0
0
0
0
0
0
0
0
0
939170
0
634525
0
0
0
0
0
0
0
109762
866607
0
0
65244
1231816
0
0
0
0
0
0
0
0
0
2039822
0
1368038
0
1121027
1414351
0
0
0
0
0
0
0
0
0
0
0
0
652035
0
1695596
791763
1161390
0
397024
0
0
0
0
0
1311037
0
0
1048576
1048576
1048576
1048576
1048576
1048576
1048576
1048576
1048576
1048576
1048576
1048576
1048576
1048576
1048576
1048576
1048576
1048576
1048576
1048576
1048576
1048576
1048576
1048576
1048576
1048576
1048576
1048576
1048576
1048576
1048576
1048576
1048576
1048576
1048576
1048576
1048576
1048576
1048576
1048576
1048576
1048576
1048576
1048576
1048576
1048576
1048576
1048576
1048576
1048576
1048576
1048576
1048576
1048576
1048576
1048576
1048576
1048576
1048576
1048576
1048576
1048576
1048576
1048576
1048576
1048576
1048576
1048576
1048576
1048576
1048576
1048576
1048576
1048576
1048576
1048576
1048576
1048576
1048576
1048576
1048576
1048576
1048576
1048576
1048576
1048576
1048576
1048576
1048576
1048576
1048576
1048576
1048576
1048576
1048576
1048576
1048576
1048576
1048576
1048576
1048576
1048576
1048576
1048576
1048576
1048576
1048576
1048576
1048576
1048576
1048576
1048576
1048576
1048576
1048576
1048576
1048576
1048576
1048576
1048576
1048576
1048576
1048576
1048576
1048576
1048576
1048576
1048576
1048576
1048576
1048576
1048576
1048576
1048576
1048576
1048576
1048576
1048576
1048576
1048576
1048576
1048576
1048576
1048576
1048576
1048576
1048576
1048576
1048576
1048576
1048576
1048576
1048576
1048576
1048576
1048576
1048576
1048576
1048576
1048576
1048576
1048576
1048576
1048576
1048576
1048576
1048576
1048576
1048576
1048576
1048576
1048576
1048576
1048576
1048576
1048576
1048576
1048576
1048576
1048576
1048576
1048576
1048576
1048576
1048576
1048576
1048576
1048576
1048576
1048576
1048576
1048576
1048576
1048576
1048576
1048576
1048576
1048576
1048576
1048576
1048576
1048576
1048576
1048576
1048576
1048576
1048576
1048576
1048576
1048576
1048576
1048576
1048576
1048576
1048576
1048576
1048576
1048576
1048576
1048576
1048576
1048576
1048576
1048576
1048576
1048576
1048576
1048576
1048576
1048576
1048576
1048576
1048576
1048576
1048576
1048576
1048576
1048576
1048576
1048576
1048576
1048576
1048576
1048576
1048576
1048576
1048576
1048576
1048576
1048576
1048576
1048576
1048576
1048576
1048576
1048576
1048576
1048576
1048576
1048576
1048576
1048576
1048576
1048576
1048576
1048576
1048576
1048576
1048576
1048576
1048576
1048576
1048576
1048576
1048576
1048576
1048576
1048576
1048576
1048576
1048576
1048576
1048576
1048576
1048576
1048576
1048576
1048576
1048576
1048576
1048576
1048576
1048576
1048576
1048576
1048576
1048576
1048576
1048576
1048576
1048576
1048576
1048576
1048576
1048576
1048576
1048576
1048576
1048576
1048576
1048576
1048576
1048576
1048576
1048576
1048576
1048576
1048576
1048576
1048576
1048576
1048576
1048576
1048576
1048576
1048576
1048576
1048576
1048576
1048576
1048576
1048576
1048576
1048576
1048576
1048576
1048576
1048576
1048576
1048576
1048576
1048576
1048576
1048576
1048576
1048576
1048576
1048576
1048576
1048576
1048576
1048576
1048576
1048576
1048576
1048576
1048576
1048576
1048576
1048576
1048576
1048576
1048576
1048576
1048576
1048576
1048576
1048576
1048576
1048576
1048576
1048576
1048576
1048576
1048576
1048576
1048576
1048576
1048576
1048576
1048576
1048576
1048576
1048576
1048576
1048576
1048576
1048576
1048576
1048576
1048576
1048576
1048576
1048576
1048576
1048576
1048576
1048576
1048576
1048576
1048576
1048576
1048576
1048576
1048576
1048576
1048576
1048576
1048576
1048576
1048576
1048576
1048576
1048576
1048576
1048576
1048576
1048576
1048576
1048576
1048576
1048576
1048576
1048576
1048576
1048576
1048576
1048576
1048576
1048576
1048576
1048576
1048576
1048576
1048576
1048576
1048576
1048576
1048576
1048576
1048576
1048576
1048576
1048576
1048576
1048576
1048576
1048576
1048576
1048576
1048576
1048576
1048576
1048576
1048576
1048576
1048576
1048576
1048576
1048576
1048576
1048576
1048576
1048576
1048576
1048576
1048576
1048576
1048576
1048576
1048576
1048576
1048576
1048576
1048576
1048576
1048576
1048576
1048576
1048576
1048576
1048576
1048576
1048576
1048576
1048576
1048576
1048576
1048576
1048576
1048576
1048576
1048576
1048576
1048576
1048576
1048576
1048576
1048576
1048576
1048576
1048576
1048576
1048576
1048576
1048576
1048576
1048576
1048576
1048576
1048576
1048576
1048576
1048576
1048576
1048576
1048576
1048576
1048576
1048576
1048576
1048576
1048576
1048576
1048576
1048576
1048576
1048576
1048576
1048576
1048576
1048576
1048576
1048576
1048576
1048576
1048576
1048576
1048576
1048576
1048576
1048576
1048576
1048576
1048576
1048576
1048576
1048576
1048576
1048576
1048576
1048576
1048576
1048576
1048576
1048576
1048576
1048576
1048576
1048576
1048576
1048576
1048576
1048576
1048576
1048576
1048576
1048576
1048576
1048576
1048576
1048576
1048576
1048576
1048576
1048576
1048576
1048576
1048576
1048576
1048576
1048576
1048576
1048576
1048576
1048576
1048576
1048576
1048576
1048576
1048576
1048576
1048576
1048576
1048576
1048576
1048576
1048576
1048576
1048576
1048576
1048576
1048576
1048576
1048576
1048576
1048576
1048576
1048576
1048576
1048576
1048576
1048576
1048576
1048576
1048576
1048576
1048576
1048576
1048576
1048576
1048576
1048576
1048576
1048576
1048576
1048576
1048576
1048576
1048576
1048576
1048576
1048576
1048576
1048576
1048576
1048576
1048576
1048576
1048576
1048576
1048576
1048576
1048576
1048576
1048576
1048576
1048576
1048576
1048576
1048576
1048576
1048576
1048576
1048576
1048576
1048576
1048576
1048576
1048576
1048576
1048576
1048576
1048576
1048576
1048576
1048576
1048576
1048576
1048576
1048576
1048576
1048576
1048576
1048576
1048576
1048576
1048576
1048576
1048576
1048576
1048576
1048576
1048576
1048576
1048576
1048576
1048576
1048576
1048576
1048576
1048576
1048576
1048576
1048576
1048576
1048576
1048576
1048576
1048576
1048576
1048576
1048576
1048576
1048576
1048576
1048576
1048576
1048576
1048576
1048576
1048576
1048576
1048576
1048576
1048576
1048576
1048576
1048576
1048576
1048576
1048576
1048576
1048576
1048576
1048576
1048576
1048576
1048576
1048576
1048576
1048576
1048576
1048576
1048576
1048576
1048576
1048576
1048576
1048576
1048576
1048576
1048576
1048576
1048576
1048576
1048576
1048576
1048576
1048576
1048576
1048576
1048576
1048576
1048576
1048576
1048576
1048576
1048576
1048576
1048576
1048576
1048576
1048576
1048576
1048576
1048576
1048576
1048576
1048576
1048576
1048576
1048576
1048576
1048576
1048576
1048576
1048576
1048576
1048576
1048576
1048576
1048576
1048576
1048576
1048576
1048576
1048576
1048576
1048576
1048576
1048576
1048576
1048576
1048576
1048576
1048576
1048576
1048576
1048576
1048576
1048576
1048576
1048576
1048576
1048576
1048576
1048576
1048576
1048576
1048576
1048576
1048576
1048576
1048576
1048576
1048576
1048576
1048576
1048576
1048576
1048576
1048576
1048576
1048576
1048576
1048576
1048576
1048576
1048576
1048576
1048576
1048576
1048576
1048576
1048576
1048576
1048576
1048576
1048576
1048576
1048576
1048576
1048576
1048576
1048576
1048576
1048576
1048576
1048576
1048576
1048576
1048576
1048576
1048576
1048576
1048576
1048576
1048576
1048576
1048576
1048576
1048576
1048576
1048576
1048576
1048576
1048576
1048576
1048576
1048576
1048576
1048576
1048576
1048576
1048576
1048576
1048576
1048576
1048576
1048576
1048576
1048576
1048576
1048576
1048576
1048576
1048576
1048576
1048576
1048576
1048576
1048576
1048576
1048576
1048576
1048576
1048576
1048576
1048576
1048576
1048576
1048576
1048576
1048576
1048576
1048576
1048576
1048576
1048576
1048576
1048576
1048576
1048576
1048576
1048576
1048576
1048576
1048576
1048576
1048576
1048576
1048576
1048576
1048576
1048576
1048576
1048576
1048576
1048576
1048576
1048576
1048576
1048576
1048576
1048576
1048576
1048576
1048576
1048576
1048576
1048576
1048576
1048576
1048576
1048576
1048576
1048576
1048576
1048576
1048576
1048576
1048576
1048576
1048576
1048576
1048576
1048576
1048576
1048576
1048576
1048576
1048576
1048576
1048576
1048576
1048576
1048576
1048576
1048576
1048576
1048576
1048576
1048576
1048576
1048576
1048576
1048576
1048576
1048576
1048576
1048576
1048576
1048576
1048576
1048576
1048576
1048576
1048576
1048576
1048576
1048576
1048576
1048576
1048576
1048576
1048576
1048576
1048576
1048576
1048576
1048576
1048576
1048576
1048576
1048576
1048576
1048576
1048576
1048576
1048576
1048576
1048576
1048576
1048576
1048576
1048576
1048576
1048576
1048576
1048576
1048576
1048576
1048576
1048576
1048576
1048576
1048576
1048576
1048576
1048576
1048576
1048576
1048576
1048576
1048576
1048576
1048576
1048576
1048576
1048576
1048576
1048576
1048576
1048576
1048576
1048576
1048576
1048576
1048576
1048576
1048576
1048576
1048576
1048576
1048576
1048576
1048576
1048576
1048576
1048576
1048576
1048576
1048576
1048576
1048576
1048576
1048576
1048576
1048576
1048576
1048576
1048576
1048576
1048576
1048576
1048576
1048576
1048576
1048576
1048576
1048576
1048576
1048576
1048576
1048576
1048576
1048576
1048576
1048576
1048576
1048576
1048576
1048576
1048576
1048576
1048576
1048576
1048576
1048576
1048576
1048576
1048576
1048576
1048576
1048576
1048576
1048576
1048576
1048576
1048576
1048576
1048576
1048576
1048576
1048576
1048576
1048576
1048576
1048576
1048576
1048576
1048576
1048576
1048576
1048576
1048576
1048576
1048576
1048576
1048576
1048576
1048576
1048576
1048576
1048576
1048576
1048576
1048576
1048576
1048576
1048576
1048576
1048576
1048576
1048576
1048576
1048576
1048576
1048576
1048576
1048576
1048576
1048576
1048576
1048576
1048576
1048576
1048576
1048576
1048576
1048576
1048576
1048576
1048576
1048576
1048576
1048576
1048576
1048576
1048576
1048576
1048576
1048576
1048576
1048576
1048576
1048576
1048576
1048576
1048576
1048576
1048576
1048576
1048576
1048576
1048576
1048576
1048576
1048576
1048576
1048576
1048576
1048576
1048576
1048576
1048576
1048576
1048576
1048576
1048576
1048576
1048576
1048576
1048576
1048576
1048576
1048576
1048576
1048576
1048576
1048576
1048576
1048576
1048576
1048576
1048576
1048576
1048576
1048576
1048576
1048576
1048576
1048576
1048576
1048576
1048576
1048576
1048576
1048576
1048576
1048576
1048576
1048576
1048576
1048576
1048576
1048576
1048576
1048576
1048576
1048576
1048576
1048576
1048576
1048576
1048576
1048576
1048576
1048576
1048576
1048576
1048576
1048576
1048576
1048576
1048576
1048576
1048576
1048576
1048576
1048576
1048576
1048576
1048576
1048576
1048576
1048576
1048576
1048576
1048576
1048576
1048576
1048576
1048576
1048576
1048576
1048576
1048576
1048576
1048576
1048576
1048576
1048576
1048576
1048576
1048576
1048576
1048576
1048576
1048576
1048576
1048576
1048576
1048576
1048576
1048576
1048576
1048576
1048576
1048576
1048576
1048576
1048576
1048576
1048576
1048576
1048576
1048576
1048576
1048576
1048576
1048576
1048576
1048576
1048576
1048576
1048576
1048576
1048576
1048576
1048576
1048576
1048576
1048576
1048576
1048576
1048576
1048576
1048576
1048576
1048576
1048576
1048576
1048576
1048576
1048576
1048576
1048576
1048576
1048576
1048576
1048576
1048576
1048576
1048576
1048576
1048576
1048576
1048576
1048576
1048576
1048576
1048576
1048576
1048576
1048576
1048576
1048576
1048576
1048576
1048576
1048576
1048576
1048576
1048576
1048576
1048576
1048576
1048576
1048576
1048576
1048576
1048576
1048576
1048576
1048576
1048576
1048576
1048576
1048576
1048576
1048576
1048576
1048576
1048576
1048576
1048576
1048576
1048576
1048576
1048576
1048576
1048576
1048576
1048576
1048576
1048576
1048576
1048576
1048576
1048576
1048576
1048576
1048576
1048576
1048576
1048576
1048576
1048576
1048576
1048576
1048576
1048576
1048576
1048576
1048576
1048576
1048576
1048576
1048576
1048576
1048576
1048576
1048576
1048576
1048576
1048576
1048576
1048576
1048576
1048576
1048576
1048576
1048576
1048576
1048576
1048576
1048576
1048576
1048576
1048576
1048576
1048576
1048576
1048576
1048576
1048576
1048576
1048576
1048576
1048576
1048576
1048576
1048576
1048576
1048576
1048576
1048576
1048576
1048576
1048576
1048576
1048576
1048576
1048576
1048576
1048576
1048576
1048576
1048576
1048576
1048576
1048576
1048576
1048576
1048576
1048576
1048576
1048576
1048576
1048576
1048576
1048576
1048576
1048576
1048576
1048576
1048576
1048576
1048576
1048576
1048576
1048576
1048576
1048576
1048576
1048576
1048576
1048576
1048576
1048576
1048576
1048576
1048576
1048576
1048576
1048576
1048576
1048576
1048576
1048576
1048576
1048576
1048576
1048576
1048576
1048576
1048576
1048576
1048576
1048576
1048576
1048576
1048576
1048576
1048576
1048576
1048576
1048576
1048576
1048576
1048576
1048576
1048576
1048576
1048576
1048576
1048576
1048576
1048576
1048576
1048576
1048576
1048576
1048576
1048576
1048576
1048576
1048576
1048576
1048576
1048576
1048576
1048576
1048576
1048576
1048576
1048576
1048576
1048576
1048576
1048576
1048576
1048576
1048576
1048576
1048576
1048576
1048576
1048576
1048576
1048576
1048576
1048576
1048576
1048576
1048576
1048576
1048576
1048576
1048576
1048576
1048576
1048576
1048576
1048576
1048576
1048576
1048576
1048576
1048576
1048576
1048576
1048576
1048576
1048576
1048576
1048576
1048576
1048576
1048576
1048576
1048576
1048576
1048576
1048576
1048576
1048576
1048576
1048576
1048576
1048576
1048576
1048576
1048576
1048576
1048576
1048576
1048576
1048576
1048576
1048576
1048576
1048576
1048576
1048576
1048576
1048576
1048576
1048576
1048576
1048576
1048576
1048576
1048576
1048576
1048576
1048576
1048576
1048576
1048576
1048576
1048576
1048576
1048576
1048576
1048576
1048576
1048576
1048576
1048576
1048576
1048576
1048576
1048576
1048576
1048576
1048576
1048576
1048576
1048576
1048576
1048576
1048576
1048576
1048576
1048576
1048576
1048576
1048576
1048576
1048576
1048576
1048576
1048576
1048576
1048576
1048576
1048576
1048576
1048576
1048576
1048576
1048576
1048576
1048576
1048576
1048576
1048576
1048576
1048576
1048576
1048576
1048576
1048576
1048576
1048576
1048576
1048576
1048576
1048576
1048576
1048576
1048576
1048576
1048576
1048576
1048576
1048576
1048576
1048576
1048576
1048576
1048576
1048576
1048576
1048576
1048576
1048576
1048576
1048576
1048576
1048576
1048576
1048576
1048576
1048576
1048576
1048576
1048576
1048576
1048576
1048576
1048576
1048576
1048576
1048576
1048576
1048576
1048576
1048576
1048576
1048576
1048576
1048576
1048576
1048576
1048576
1048576
1048576
1048576
1048576
1048576
1048576
1048576
1048576
1048576
1048576
1048576
1048576
1048576
1048576
1048576
1048576
1048576
1048576
1048576
1048576
1048576
1048576
1048576
1048576
1048576
1048576
1048576
1048576
1048576
1048576
1048576
1048576
1048576
1048576
1048576
1048576
1048576
1048576
1048576
1048576
1048576
1048576
1048576
1048576
1048576
1048576
1048576
1048576
1048576
1048576
1048576
1048576
1048576
1048576
1048576
1048576
1048576
1048576
1048576
1048576
1048576
1048576
1048576
1048576
1048576
1048576
1048576
1048576
1048576
1048576
1048576
1048576
1048576
1048576
1048576
1048576
1048576
1048576
1048576
1048576
1048576
1048576
1048576
1048576
1048576
1048576
1048576
1048576
1048576
1048576
1048576
1048576
1048576
1048576
1048576
1048576
1048576
1048576
1048576
1048576
1048576
1048576
1048576
1048576
1048576
1048576
1048576
1048576
1048576
1048576
1048576
1048576
1048576
1048576
1048576
1048576
1048576
1048576
1048576
1048576
1048576
1048576
1048576
1048576
1048576
1048576
1048576
1048576
1048576
1048576
1048576
1048576
1048576
1048576
1048576
1048576
1048576
1048576
1048576
1048576
1048576
1048576
1048576
1048576
1048576
1048576
1048576
1048576
1048576
1048576
1048576
1048576
1048576
1048576
1048576
1048576
1048576
1048576
1048576
1048576
1048576
1048576
1048576
1048576
1048576
1048576
1048576
1048576
1048576
1048576
1048576
1048576
1048576
1048576
1048576
1048576
1048576
1048576
1048576
1048576
1048576
1048576
1048576
1048576
1048576
1048576
1048576
1048576
1048576
1048576
1048576
1048576
1048576
1048576
1048576
1048576
1048576
1048576
1048576
1048576
1048576
1048576
1048576
1048576
1048576
1048576
1048576
1048576
1048576
1048576
1048576
1048576
1048576
1048576
1048576
1048576
1048576
1048576
1048576
1048576
1048576
1048576
1048576
1048576
1048576
1048576
1048576
1048576
1048576
1048576
1048576
1048576
1048576
1048576
1048576
1048576
1048576
1048576
1048576
1048576
1048576
1048576
1048576
1048576
1048576
1048576
1048576
1048576
1048576
1048576
1048576
1048576
1048576
1048576
1048576
1048576
1048576
1048576
1048576
1048576
1048576
1048576
1048576
1048576
1048576
1048576
1048576
1048576
1048576
1048576
1048576
1048576
1048576
1048576
1048576
1048576
1048576
1048576
1048576
1048576
1048576
1048576
1048576
1048576
1048576
1048576
1048576
1048576
1048576
1048576
1048576
1048576
1048576
1048576
1048576
1048576
1048576
1048576
1048576
1048576
1048576
1048576
1048576
1048576
1048576
1048576
1048576
1048576
1048576
1048576
1048576
1048576
1048576
1048576
1048576
1048576
1048576
1048576
1048576
1048576
1048576
1048576
1048576
1048576
1048576
1048576
1048576
1048576
1048576
1048576
1048576
1048576
1048576
1048576
1048576
1048576
1048576
1048576
1048576
1048576
1048576
1048576
1048576
1048576
1048576
1048576
1048576
1048576
1048576
1048576
1048576
1048576
1048576
1048576
1048576
1048576
1048576
1048576
1048576
1048576
1048576
1048576
1048576
1048576
1048576
1048576
1048576
1048576
1048576
1048576
1048576
1048576
1048576
1048576
1048576
1048576
1048576
1048576
1048576
1048576
1048576
1048576
1048576
1048576
1048576
1048576
1048576
1048576
1048576
1048576
1048576
1048576
1048576
1048576
1048576
1048576
1048576
1048576
1048576
1048576
1048576
1048576
1048576
1048576
1048576
1048576
1048576
1048576
1048576
1048576
1048576
1048576
1048576
1048576
1048576
1048576
1048576
1048576
1048576
1048576
1048576
1048576
1048576
1048576
1048576
1048576
1048576
1048576
1048576
1048576
1048576
1048576
1048576
1048576
1048576
1048576
1048576
1048576
1048576
1048576
1048576
1048576
1048576
1048576
1048576
1048576
1048576
1048576
1048576
1048576
1048576
1048576
1048576
1048576
1048576
1048576
1048576
1048576
1048576
1048576
1048576
1048576
1048576
1048576
1048576
1048576
1048576
1048576
1048576
1048576
1048576
1048576
1048576
1048576
1048576
1048576
1048576
1048576
1048576
1048576
1048576
1048576
1048576
1048576
1048576
1048576
1048576
1048576
1048576
1048576
1048576
1048576
1048576
1048576
1048576
1048576
1048576
1048576
1048576
1048576
1048576
1048576
1048576
1048576
1048576
1048576
1048576
1048576
1048576
1048576
1048576
1048576
1048576
1048576
1048576
1048576
1048576
1048576
1048576
1048576
1048576
1048576
1048576
1048576
1048576
1048576
1048576
1048576
1048576
1048576
1048576
1048576
1048576
1048576
1048576
1048576
1048576
1048576
1048576
1048576
1048576
1048576
1048576
1048576
1048576
1048576
1048576
1048576
1048576
1048576
1048576
1048576
1048576
1048576
1048576
1048576
1048576
1048576
1048576
1048576
1048576
1048576
1048576
1048576
1048576
1048576
1048576
1048576
1048576
1048576
1048576
1048576
1048576
1048576
1048576
1048576
1048576
1048576
1048576
1048576
1048576
1048576
1048576
1048576
1048576
1048576
1048576
1048576
1048576
1048576
1048576
1048576
1048576
1048576
1048576
1048576
1048576
1048576
1048576
1048576
1048576
1048576
1048576
1048576
1048576
1048576
1048576
1048576
1048576
1048576
1048576
1048576
1048576
1048576
1048576
1048576
1048576
1048576
1048576
1048576
1048576
1048576
1048576
1048576
1048576
1048576
1048576
1048576
1048576
1048576
1048576
1048576
1048576
1048576
1048576
1048576
1048576
1048576
1048576
1048576
1048576
1048576
1048576
1048576
1048576
1048576
1048576
1048576
1048576
1048576
1048576
1048576
1048576
1048576
1048576
1048576
1048576
1048576
1048576
1048576
1048576
1048576
1048576
1048576
1048576
1048576
1048576
1048576
1048576
1048576
1048576
1048576
1048576
1048576
1048576
1048576
1048576
1048576
1048576
1048576
1048576
1048576
1048576
1048576
1048576
1048576
1048576
1048576
1048576
1048576
1048576
1048576
1048576
1048576
1048576
1048576
1048576
1048576
1048576
1048576
1048576
1048576
1048576
1048576
1048576
1048576
1048576
1048576
1048576
1048576
1048576
1048576
1048576
1048576
1048576
1048576
1048576
1048576
1048576
1048576
1048576
1048576
1048576
1048576
1048576
1048576
1048576
1048576
1048576
1048576
1048576
1048576
1048576
1048576
1048576
1048576
1048576
1048576
1048576
1048576
1048576
1048576
1048576
1048576
1048576
1048576
1048576
1048576
1048576
1048576
1048576
1048576
1048576
1048576
1048576
1048576
1048576
1048576
1048576
1048576
1048576
1048576
1048576
1048576
1048576
1048576
1048576
1048576
1048576
1048576
1048576
1048576
1048576
1048576
1048576
1048576
1048576
1048576
1048576
1048576
1048576
1048576
1048576
1048576
1048576
1048576
1048576
1048576
1048576
1048576
1048576
1048576
1048576
1048576
1048576
1048576
1048576
1048576
1048576
1048576
1048576
1048576
1048576
1048576
1048576
1048576
1048576
1048576
1048576
1048576
1048576
1048576
1048576
1048576
1048576
1048576
1048576
1048576
1048576
1048576
1048576
1048576
1048576
1048576
1048576
1048576
1048576
1048576
1048576
1048576
1048576
1048576
1048576
1048576
1048576
1048576
1048576
1048576
1048576
1048576
1048576
1048576
1048576
1048576
1048576
1048576
1048576
1048576
1048576
1048576
1048576
1048576
1048576
1048576
1048576
1048576
1048576
1048576
1048576
1048576
1048576
1048576
1048576
1048576
1048576
1048576
1048576
1048576
1048576
1048576
1048576
1048576
1048576
1048576
1048576
1048576
1048576
1048576
1048576
1048576
1048576
1048576
1048576
1048576
1048576
1048576
1048576
1048576
1048576
1048576
1048576
1048576
1048576
1048576
1048576
1048576
1048576
1048576
1048576
1048576
1048576
1048576
1048576
1048576
1048576
1048576
1048576
1048576
1048576
1048576
1048576
1048576
1048576
1048576
1048576
1048576
1048576
1048576
1048576
1048576
1048576
1048576
1048576
1048576
1048576
1048576
1048576
1048576
1048576
1048576
1048576
1048576
1048576
1048576
1048576
1048576
1048576
1048576
1048576
1048576
1048576
1048576
1048576
1048576
1048576
1048576
1048576
1048576
1048576
1048576
1048576
1048576
1048576
1048576
1048576
1048576
1048576
1048576
1048576
1048576
1048576
1048576
1048576
1048576
1048576
1048576
1048576
1048576
1048576
1048576
1048576
1048576
1048576
1048576
1048576
1048576
1048576
1048576
1048576
1048576
1048576
1048576
1048576
1048576
1048576
1048576
1048576
1048576
1048576
1048576
1048576
1048576
1048576
1048576
1048576
1048576
1048576
1048576
1048576
1048576
1048576
1048576
1048576
1048576
1048576
1048576
1048576
1048576
1048576
1048576
1048576
1048576
1048576
1048576
1048576
1048576
1048576
1048576
1048576
1048576
1048576
1048576
1048576
1048576
1048576
1048576
1048576
1048576
1048576
1048576
1048576
1048576
1048576
1048576
1048576
1048576
1048576
1048576
1048576
1048576
1048576
1048576
1048576
1048576
1048576
1048576
1048576
1048576
1048576
1048576
1048576
1048576
1048576
1048576
1048576
1048576
1048576
1048576
1048576
1048576
1048576
1048576
1048576
1048576
1048576
1048576
1048576
1048576
1048576
1048576
1048576
1048576
1048576
1048576
1048576
1048576
1048576
1048576
1048576
1048576
1048576
1048576
1048576
1048576
1048576
1048576
1048576
1048576
1048576
1048576
1048576
1048576
1048576
1048576
1048576
1048576
1048576
1048576
1048576
1048576
1048576
1048576
1048576
1048576
1048576
1048576
1048576
1048576
1048576
1048576
1048576
1048576
1048576
1048576
1048576
1048576
1048576
1048576
1048576
1048576
1048576
1048576
1048576
1048576
1048576
1048576
1048576
1048576
1048576
1048576
1048576
1048576
1048576
1048576
1048576
1048576
1048576
1048576
1048576
1048576
1048576
1048576
1048576
1048576
1048576
1048576
1048576
1048576
1048576
1048576
1048576
1048576
1048576
1048576
1048576
1048576
1048576
1048576
1048576
1048576
1048576
1048576
1048576
1048576
1048576
1048576
1048576
1048576
1048576
1048576
1048576
1048576
1048576
1048576
1048576
1048576
1048576
1048576
1048576
1048576
1048576
1048576
1048576
1048576
1048576
1048576
1048576
1048576
1048576
1048576
1048576
1048576
1048576
1048576
1048576
1048576
1048576
1048576
1048576
1048576
1048576
1048576
1048576
1048576
1048576
1048576
1048576
1048576
1048576
1048576
1048576
1048576
1048576
1048576
1048576
1048576
1048576
1048576
1048576
1048576
1048576
1048576
1048576
1048576
1048576
1048576
1048576
1048576
1048576
1048576
1048576
1048576
1048576
1048576
1048576
1048576
1048576
1048576
1048576
1048576
1048576
1048576
1048576
1048576
1048576
1048576
1048576
1048576
1048576
1048576
1048576
1048576
1048576
1048576
1048576
1048576
1048576
1048576
1048576
1048576
1048576
1048576
1048576
1048576
1048576
1048576
1048576
1048576
1048576
1048576
1048576
1048576
1048576
1048576
1048576
1048576
1048576
1048576
1048576
1048576
1048576
1048576
1048576
1048576
1048576
1048576
1048576
1048576
1048576
1048576
1048576
1048576
1048576
1048576
1048576
1048576
1048576
1048576
1048576
1048576
1048576
1048576
1048576
1048576
1048576
1048576
1048576
1048576
1048576
1048576
1048576
1048576
1048576
1048576
1048576
1048576
1048576
1048576
1048576
1048576
1048576
1048576
1048576
1048576
1048576
1048576
1048576
1048576
1048576
1048576
1048576
1048576
1048576
1048576
1048576
1048576
1048576
1048576
1048576
1048576
1048576
1048576
1048576
1048576
1048576
1048576
1048576
1048576
1048576
1048576
1048576
1048576
1048576
1048576
1048576
1048576
1048576
1048576
1048576
1048576
1048576
1048576
1048576
1048576
1048576
1048576
1048576
1048576
1048576
1048576
1048576
1048576
1048576
1048576
1048576
1048576
1048576
1048576
1048576
1048576
1048576
1048576
1048576
1048576
1048576
1048576
1048576
1048576
1048576
1048576
1048576
1048576
1048576
1048576
1048576
1048576
1048576
1048576
1048576
1048576
1048576
1048576
1048576
1048576
1048576
1048576
1048576
1048576
1048576
1048576
1048576
1048576
1048576
1048576
1048576
1048576
1048576
1048576
1048576
1048576
1048576
1048576
1048576
1048576
1048576
1048576
1048576
1048576
1048576
1048576
1048576
1048576
1048576
1048576
1048576
1048576
1048576
1048576
1048576
1048576
1048576
1048576
1048576
1048576
1048576
1048576
1048576
1048576
1048576
1048576
1048576
1048576
1048576
1048576
1048576
1048576
1048576
1048576
1048576
1048576
1048576
1048576
1048576
1048576
1048576
1048576
1048576
1048576
1048576
1048576
1048576
1048576
1048576
1048576
1048576
1048576
1048576
1048576
1048576
1048576
1048576
1048576
1048576
1048576
1048576
1048576
1048576
1048576
1048576
1048576
1048576
1048576
1048576
1048576
1048576
1048576
1048576
1048576
1048576
1048576
1048576
1048576
1048576
1048576
1048576
1048576
1048576
1048576
1048576
1048576
1048576
1048576
1048576
1048576
1048576
1048576
1048576
1048576
1048576
1048576
1048576
1048576
1048576
1048576
1048576
1048576
1048576
1048576
1048576
1048576
1048576
1048576
1048576
1048576
1048576
1048576
1048576
1048576
1048576
1048576
1048576
1048576
1048576
1048576
1048576
1048576
1048576
1048576
1048576
1048576
1048576
1048576
1048576
1048576
1048576
1048576
1048576
1048576
1048576
1048576
1048576
1048576
1048576
1048576
1048576
1048576
1048576
1048576
1048576
1048576
1048576
1048576
1048576
1048576
1048576
1048576
1048576
1048576
1048576
1048576
1048576
1048576
1048576
1048576
1048576
1048576
1048576
1048576
1048576
1048576
1048576
1048576
1048576
1048576
1048576
1048576
1048576
1048576
1048576
1048576
1048576
1048576
1048576
1048576
1048576
1048576
1048576
1048576
1048576
1048576
1048576
1048576
1048576
1048576
1048576
1048576
1048576
1048576
1048576
1048576
1048576
1048576
1048576
1048576
1048576
1048576
1048576
1048576
1048576
1048576
1048576
1048576
1048576
1048576
1048576
1048576
1048576
1048576
1048576
1048576
1048576
1048576
1048576
1048576
1048576
1048576
1048576
1048576
1048576
1048576
1048576
1048576
1048576
1048576
1048576
1048576
1048576
1048576
1048576
1048576
1048576
1048576
1048576
1048576
1048576
1048576
1048576
1048576
1048576
1048576
1048576
1048576
1048576
1048576
1048576
1048576
1048576
1048576
1048576
1048576
1048576
1048576
1048576
1048576
1048576
1048576
1048576
1048576
1048576
1048576
1048576
1048576
1048576
1048576
1048576
1048576
1048576
1048576
1048576
1048576
1048576
1048576
1048576
1048576
1048576
1048576
1048576
1048576
1048576
1048576
1048576
1048576
1048576
1048576
1048576
1048576
1048576
1048576
1048576
1048576
1048576
1048576
1048576
1048576
1048576
1048576
1048576
1048576
1048576
1048576
1048576
1048576
1048576
1048576
1048576
1048576
1048576
1048576
1048576
1048576
1048576
1048576
1048576
1048576
1048576
1048576
1048576
1048576
1048576
1048576
1048576
1048576
1048576
1048576
1048576
1048576
1048576
1048576
1048576
1048576
1048576
1048576
1048576
1048576
1048576
1048576
1048576
1048576
1048576
1048576
1048576
1048576
1048576
1048576
1048576
1048576
1048576
1048576
1048576
1048576
1048576
1048576
1048576
1048576
1048576
1048576
1048576
1048576
1048576
1048576
1048576
1048576
1048576
1048576
1048576
1048576
1048576
1048576
1048576
1048576
1048576
1048576
1048576
1048576
1048576
1048576
1048576
1048576
1048576
1048576
1048576
1048576
1048576
1048576
1048576
1048576
1048576
1048576
1048576
1048576
1048576
1048576
1048576
1048576
1048576
1048576
1048576
1048576
1048576
1048576
1048576
1048576
1048576
1048576
1048576
1048576
1048576
1048576
1048576
1048576
1048576
1048576
1048576
1048576
1048576
1048576
1048576
1048576
1048576
1048576
1048576
1048576
1048576
1048576
1048576
1048576
1048576
1048576
1048576
1048576
1048576
1048576
1048576
1048576
1048576
1048576
1048576
1048576
1048576
1048576
1048576
1048576
1048576
1048576
1048576
1048576
1048576
1048576
1048576
1048576
1048576
1048576
1048576
1048576
1048576
1048576
1048576
1048576
1048576
1048576
1048576
1048576
1048576
1048576
1048576
1048576
1048576
1048576
1048576
1048576
1048576
1048576
1048576
1048576
1048576
1048576
1048576
1048576
1048576
1048576
1048576
1048576
1048576
1048576
1048576
1048576
1048576
1048576
1048576
1048576
1048576
1048576
1048576
1048576
1048576
1048576
1048576
1048576
1048576
1048576
1048576
1048576
1048576
1048576
1048576
1048576
1048576
1048576
1048576
1048576
1048576
1048576
1048576
1048576
1048576
1048576
1048576
1048576
1048576
1048576
1048576
1048576
1048576
1048576
1048576
1048576
1048576
1048576
1048576
1048576
1048576
1048576
1048576
1048576
1048576
1048576
1048576
1048576
1048576
1048576
1048576
1048576
1048576
1048576
1048576
1048576
1048576
1048576
1048576
1048576
1048576
1048576
1048576
1048576
1048576
1048576
1048576
1048576
1048576
1048576
1048576
1048576
1048576
1048576
1048576
1048576
1048576
1048576
1048576
1048576
1048576
1048576
1048576
1048576
1048576
1048576
1048576
1048576
1048576
1048576
1048576
1048576
1048576
1048576
1048576
1048576
1048576
1048576
1048576
1048576
1048576
1048576
1048576
1048576
1048576
1048576
1048576
1048576
1048576
1048576
1048576
1048576
1048576
1048576
1048576
1048576
1048576
1048576
1048576
1048576
1048576
1048576
1048576
1048576
1048576
1048576
1048576
1048576
1048576
1048576
1048576
1048576
1048576
1048576
1048576
1048576
1048576
1048576
1048576
1048576
1048576
1048576
1048576
1048576
1048576
1048576
1048576
1048576
1048576
1048576
1048576
1048576
1048576
1048576
1048576
1048576
1048576
1048576
1048576
1048576
1048576
1048576
1048576
1048576
1048576
1048576
1048576
1048576
1048576
1048576
1048576
1048576
1048576
1048576
1048576
1048576
1048576
1048576
1048576
1048576
1048576
1048576
1048576
1048576
1048576
1048576
1048576
1048576
1048576
1048576
1048576
1048576
1048576
1048576
1048576
1048576
1048576
1048576
1048576
1048576
1048576
1048576
1048576
1048576
1048576
1048576
1048576
1048576
1048576
1048576
1048576
1048576
1048576
1048576
1048576
1048576
1048576
1048576
1048576
1048576
1048576
1048576
1048576
1048576
1048576
1048576
1048576
1048576
1048576
1048576
1048576
1048576
1048576
1048576
1048576
1048576
1048576
1048576
1048576
1048576
1048576
1048576
1048576
1048576
1048576
1048576
1048576
1048576
1048576
1048576
1048576
1048576
1048576
1048576
1048576
1048576
1048576
1048576
1048576
1048576
1048576
1048576
1048576
1048576
1048576
1048576
1048576
1048576
1048576
1048576
1048576
1048576
1048576
1048576
1048576
1048576
1048576
1048576
1048576
1048576
1048576
1048576
1048576
1048576
1048576
1048576
1048576
1048576
1048576
1048576
1048576
1048576
1048576
1048576
1048576
1048576
1048576
1048576
1048576
1048576
1048576
1048576
1048576
1048576
1048576
1048576
1048576
1048576
1048576
1048576
1048576
1048576
1048576
1048576
1048576
1048576
1048576
1048576
1048576
1048576
1048576
1048576
1048576
1048576
1048576
1048576
1048576
1048576
1048576
1048576
1048576
1048576
1048576
1048576
1048576
1048576
1048576
1048576
1048576
1048576
1048576
1048576
1048576
1048576
1048576
1048576
1048576
1048576
1048576
1048576
1048576
1048576
1048576
1048576
1048576
1048576
1048576
1048576
1048576
1048576
1048576
1048576
1048576
1048576
1048576
1048576
1048576
1048576
1048576
1048576
1048576
1048576
1048576
1048576
1048576
1048576
1048576
1048576
1048576
1048576
1048576
1048576
1048576
1048576
1048576
1048576
1048576
1048576
1048576
1048576
1048576
1048576
1048576
1048576
1048576
1048576
1048576
1048576
1048576
1048576
1048576
1048576
1048576
1048576
1048576
1048576
1048576
1048576
1048576
1048576
1048576
1048576
1048576
1048576
1048576
1048576
1048576
1048576
1048576
1048576
1048576
1048576
1048576
1048576
1048576
1048576
1048576
1048576
1048576
1048576
1048576
1048576
1048576
1048576
1048576
1048576
1048576
1048576
1048576
1048576
1048576
1048576
1048576
1048576
1048576
1048576
1048576
1048576
1048576
1048576
1048576
1048576
1048576
1048576
1048576
1048576
1048576
1048576
1048576
1048576
1048576
1048576
1048576
1048576
1048576
1048576
1048576
1048576
1048576
1048576
1048576
1048576
1048576
1048576
1048576
1048576
1048576
1048576
1048576
1048576
1048576
1048576
1048576
1048576
1048576
1048576
