4096
3939
4253
4096
3898
4294
4096
3836
4356
4096
3484
4708
4096
2750
5442
4096
367
7825
4096
4096
4096
4096
3421
4771
4096
4150
4042
4096
4025
4167
4096
4084
4260
3944
3941
4251
4096
3889
4303
4096
3671
4521
4096
3185
5007
4096
1925
6267
4096
4096
4096
4096
2968
5224
4096
3931
4261
4096
3942
4250
4096
4022
4170
4096
4057
4135
3893
4096
4295
3896
4097
4290
3902
4096
4280
3912
4096
4271
3921
4095
4266
3927
4096
4263
3929
4095
4251
3942
4096
4244
3948
4096
4243
3948
4097
4221
3971
4096
4244
3948
4096
4201
3991
4095
6090
2103
4065
4127
4096
4064
4128
4096
4063
4129
4096
4061
4131
4095
4058
4135
4095
4051
4142
4096
4038
4154
4096
4015
4177
4096
3986
4206
4096
3947
4245
4095
3818
4375
4095
3512
4681
4096
2836
5355
4208
4096
4017
4175
4096
4042
4150
4095
4066
4128
4094
4086
4108
4094
4106
4088
4094
4126
4067
4095
4133
4060
4096
4134
4057
4098
4130
4060
4098
4133
4058
4096
4184
4008
4095
4260
3934
4093
7315
878
4098
4085
4105
4097
4132
4060
4095
4207
3988
4092
4260
3935
4094
4280
3912
4098
4261
3928
4099
4281
3909
4098
4394
3797
4096
4552
3640
4096
4589
3603
4095
4615
3577
4097
4672
3520
4096
4727
8029
4125
4067
4096
4134
4058
4096
4144
4049
4094
4157
4036
4096
4158
4034
4096
4160
4031
4098
4156
4034
4098
4158
4033
4096
4203
3989
4095
4266
3929
4092
4309
3886
4094
4326
3866
4097
4320
3871
1669
6524
4183
4009
4096
4169
4023
4096
4151
4041
4096
4123
4069
4096
4091
4101
4096
4008
4184
4096
4024
4168
4095
4077
4116
4096
4250
3942
4096
4299
3893
4096
4283
3909
4096
4348
3844
4096
4364
3828
3963
4229
4106
4086
4096
4109
4083
4096
4113
4079
4096
4118
4074
4095
4126
4068
4094
4135
4059
4094
4146
4047
4095
4157
4036
4095
4159
4034
4096
4157
4034
4097
4155
4036
4097
4158
4034
4096
4197
3996
5276
2798
4213
4096
3975
4217
4096
3975
4217
4096
3975
4217
4096
3978
4214
4096
3982
4210
4096
3987
4205
4096
3992
4199
4097
3993
4198
4097
3998
4194
4096
4003
4189
4096
4008
4184
4096
4012
4180
4096
3155
5037
4039
4153
4096
4039
4153
4096
4041
4151
4096
4041
4151
4096
4042
4150
4096
4041
4151
4096
4038
4154
4096
4035
4157
4096
4028
4164
4096
4015
4177
4096
3995
4197
4096
3951
4241
4096
3898
4294
7395
797
4039
4153
4096
4025
4166
4097
4019
4172
4097
4011
4181
4096
4005
4187
4096
4002
4189
4097
4001
4191
4096
4001
4191
4096
4002
4190
4096
4006
4186
4096
4009
4183
4096
4013
4179
4095
4019
4174
4096
4006
4186
4096
4015
4177
4096
4023
4169
4096
4030
4162
4096
4039
4153
4096
4046
4146
4096
4055
4137
4096
4064
4128
4096
4068
4124
4096
4096
4096
4096
4073
4120
4094
4532
3663
4092
7751
