-0.017052
0.069300
0.010154
-0.075844
-0.008353
-0.167563
-0.439353
0.044294
0.289880
0.071574
0.244396
-0.256184
0.234215
0.400222
0.306790
-0.155622
0.339211
-0.399271
-2.400170
-2.664793
0.355698
2.332385
2.299871
1.612036
0.900163
-2.263050
-1.797679
1.261100
0.863277
-0.138495
1.244686
0.578983
-2.517202
-1.085388
0.781132
0.188572
0.917185
-0.320224
-3.174186
0.633920
-2.273157
-0.878140
0.416166
0.521231
-0.831569
-0.922556
0.946868
0.087738
-0.048531
-0.289122
-0.882937
0.602538
-0.150805
-0.022933
0.950019
0.017529
0.498442
0.121163
-0.145036
-0.389297
0.467299
0.108886
-0.167599
0.697406
-0.711041
0.061383
0.452850
0.388560
0.147106
-0.052838
0.188985
-0.086497
-1.160161
1.251298
0.400527
0.294192
-0.201875
0.402306
-0.336406
-0.466150
0.344992
-0.201778
1.760122
2.050447
-1.140611
-1.854488
2.063960
-0.963028
-0.369222
-1.053280
1.482028
0.232443
0.699799
-1.916046
0.171319
0.041796
-0.019652
0.038537
-0.317792
-0.438048
-0.023284
-0.132248
0.373794
0.150828
-0.204233
-0.142335
-0.190058
0.195430
0.373520
-0.859001
-0.210837
-0.488709
0.476462
0.253605
-0.028809
-0.988607
0.823551
0.316356
1.387212
0.961988
0.787218
-1.997727
-0.842722
2.013619
-1.311291
-1.351988
-1.877509
-0.106140
0.065393
-2.865440
-2.409616
-2.003820
3.865261
1.423366
0.273373
2.906135
1.287350
-3.779626
-3.463442
-2.313192
-0.371794
-2.047779
-3.694534
1.054798
2.055320
-0.745379
-2.223987
-1.606197
-0.892980
-1.980974
0.251643
-0.595345
-1.294347
0.252178
0.856285
-0.179551
-0.140932
0.408113
1.323254
0.628321
-1.232405
0.276722
-0.014833
-0.359800
0.085892
-0.290968
-0.486162
0.192970
-0.199631
-0.346185
0.360863
1.884373
3.299139
2.679763
-0.681929
0.534230
-1.621779
-1.321408
2.284655
-2.640707
3.941579
3.946473
-3.609951
0.654784
3.525641
1.893706
3.591292
1.042631
-2.408440
2.488561
2.860372
-1.000234
3.919279
1.013015
-1.027226
2.442905
3.632125
3.323150
-1.177243
-1.518625
-3.363436
0.002987
-2.172146
-2.007293
-0.889284
2.444405
1.901818
1.085530
0.334791
-2.089308
-0.679495
-1.379003
-3.246052
2.042931
3.739183
0.170280
1.202167
1.265108
-2.045965
-2.089397
0.787053
-1.070576
1.374826
1.225622
1.934165
-0.968797
1.564832
-1.613212
-0.004651
-0.286653
-2.358670
1.041547
0.051279
-0.133422
0.112107
0.127386
0.067636
-0.207567
-0.023378
-1.788423
0.115419
-1.426937
1.301825
0.661237
-0.798484
-0.604312
1.539196
-2.410064
-2.652463
-2.348905
0.180412
2.829245
-2.677477
0.391356
-0.087621
2.847698
-1.566527
0.723188
0.168642
0.165445
-0.458336
-1.153133
-2.970500
-2.064126
-2.643054
-2.387552
-0.202506
-1.933033
-0.180934
-0.724920
-0.508621
-2.090173
1.138647
-0.088957
1.632823
0.549983
-0.295480
-0.013897
-0.625493
-1.684484
-3.071322
1.540002
1.655100
-1.007263
0.087636
-1.396545
2.922324
1.939186
0.890351
1.498565
0.317238
-1.110931
-4.110975
0.547126
-3.498857
0.695705
3.512896
0.876222
-2.074878
1.293407
-1.581984
2.703527
-3.545224
-0.951365
2.856931
0.365736
-0.839062
-0.334433
5.749143
-4.283733
2.371638
-3.585838
-2.992784
0.990615
2.888455
4.324020
5.371130
-3.953612
4.600577
6.138540
5.757867
-0.943134
0.542017
-0.015346
0.068806
0.825547
0.868218
0.711949
0.657705
0.270396
0.302180
-0.086693
-0.601008
-0.187660
0.599559
-0.596863
-1.187986
-0.593460
0.087775
-1.102688
0.057238
-0.220214
-2.291828
0.548455
0.874967
-2.269985
2.209108
2.234675
2.267955
-2.525892
-0.683722
2.371838
2.313396
-2.523333
1.873397
0.434475
0.258714
-0.262707
2.180254
0.255288
-2.241855
1.318635
-0.895866
-1.288274
0.191823
-0.373920
-2.208416
-3.058317
1.661994
-0.487683
-3.684787
-1.166815
1.017014
-2.776099
2.954354
2.575742
1.869391
-1.305438
2.707685
-1.425566
0.172931
-0.417327
-0.100605
1.422319
-1.610769
-0.912063
-2.222700
1.062651
2.309346
0.426954
0.522894
0.536213
0.051327
-0.797464
-4.678944
3.866438
2.656128
-4.820853
1.541921
-4.330165
4.155822
4.701512
2.575482
-2.083602
1.747382
4.143416
-1.102280
-0.787398
-0.007269
0.195279
-3.819530
2.720370
-4.942778
-1.496270
2.562448
0.017738
-3.681531
0.324788
-4.890274
1.357154
2.780251
1.839236
0.676199
4.861950
1.790381
-4.150685
-2.707073
1.367176
-0.978197
0.871545
0.534820
1.177273
1.103424
-0.233790
1.201807
1.436225
-5.405246
-6.888360
5.271086
7.450797
1.940008
-1.536168
-5.795362
1.660456
-3.261660
0.114443
0.110052
-5.351103
-2.592875
6.850413
-9.200329
-6.734636
2.300200
-3.489940
-8.333900
-0.304273
1.721597
0.181115
-2.265674
-1.347268
-2.674203
3.863472
-1.173025
-4.499165
-4.064987
4.645359
3.831095
-4.872679
-3.479476
-1.654593
-2.566985
3.226141
4.741719
1.792114
1.119049
-2.045696
-4.672545
4.527298
2.657677
-5.108703
-2.512888
-7.536936
-7.353464
-1.268656
-2.449506
2.490116
5.829934
2.359939
4.836329
6.290811
-2.294095
-9.191754
-3.342028
-1.647387
-1.895983
3.613056
2.700416
-0.235603
-2.014611
0.966078
4.808975
0.803514
-7.043459
-3.208031
9.698093
3.880503
0.963482
0.384088
-1.099331
0.114252
0.509868
0.654556
-3.672967
-0.100401
-2.537118
-3.291715
2.250819
0.435076
-0.837617
0.723133
0.483045
0.189147
-0.033169
-0.468982
-0.081740
0.684396
0.034210
0.104492
-1.018593
0.160930
0.280365
0.782877
0.622105
0.036698
-0.012748
-0.026121
0.310289
0.099385
0.280668
0.253311
-0.099094
1.719981
-1.926358
-2.912493
-0.814947
2.068944
0.784185
0.796946
-1.320826
-2.598411
3.091527
-1.930439
-0.386316
-2.150466
0.896754
-0.712431
-1.714066
-1.300646
-1.079463
-0.681686
1.756614
-1.536720
-0.912433
3.031351
-2.459407
3.157124
1.381322
-0.362888
-2.398805
-0.077944
-2.242537
-1.084924
0.508079
0.343891
2.121454
-2.376857
0.756605
1.468094
-0.480104
-1.516030
1.893382
-2.493069
-0.352281
-0.321103
-2.245226
-0.915648
0.197702
-4.719652
5.799691
-2.382540
-0.821610
4.200723
2.449791
1.532947
-6.949533
4.871916
0.175989
0.052912
3.989916
-3.638063
3.968255
0.027625
5.195487
5.077523
7.167382
-1.626025
-4.537849
-3.736102
-2.187337
4.751327
-3.986518
-5.138024
-3.955852
-1.224640
-2.588841
-0.455026
-1.809614
-4.737418
0.407666
-1.680262
-0.273970
-3.238962
-2.834192
-1.943952
-1.067508
-0.472626
-1.806262
0.984284
2.046088
-0.855672
2.073563
1.146029
0.918497
0.928034
-0.053557
0.396455
-0.528586
0.251859
0.504236
-7.047124
7.225148
-2.875279
-1.104561
-5.438045
0.589662
0.684530
-0.484323
1.558402
-1.234815
-6.112159
-1.070680
5.625624
0.031205
-2.990959
2.253141
4.311665
-0.034010
-3.976161
-4.064425
1.573378
4.179791
-3.881353
-3.268831
3.806074
2.986427
0.425997
-3.532818
-2.009389
2.173138
1.855675
-0.831017
-0.895675
-1.497818
-2.686146
1.451863
-0.177552
0.223715
3.894717
1.370347
5.475093
-0.785525
-0.128125
2.751214
2.285332
-0.705236
0.679574
4.909914
-1.350428
-3.072416
2.720776
-3.697117
5.338328
7.481783
6.535694
-3.366579
-0.169846
2.505287
-8.653473
-4.879698
-0.643522
3.812108
6.502068
8.430759
-1.386277
-3.660170
1.515227
-3.737355
-8.794419
6.139374
-1.891144
2.194701
3.288963
-4.343480
3.639259
7.531592
2.406148
-5.238776
-1.081152
4.896456
-1.906844
0.949090
-0.688463
0.589999
-1.877227
0.714036
0.219079
1.478296
-1.037441
1.781745
1.379752
2.578039
1.722785
-0.654109
2.334329
-0.039496
2.603390
-0.665475
2.531670
-0.172256
0.998860
-0.678888
-1.204444
0.748357
0.550912
-0.664314
0.083069
1.140810
-1.221142
-0.870423
-0.109499
-0.454562
0.831110
-1.794539
6.277501
3.968865
-3.085631
-1.197933
0.830486
1.620785
0.882824
2.612863
-0.789627
-6.885655
7.533311
-3.078476
-6.819366
-4.947423
1.156943
6.804790
-8.905140
-5.120896
3.826454
2.127228
3.863890
1.197021
4.860427
-0.558010
-7.791718
9.309490
-0.499856
1.767611
-3.449659
-2.377605
0.209512
0.835250
2.967414
-0.808724
-1.739385
0.707809
-1.070524
2.396629
2.443624
-2.083867
-0.533480
-0.597887
-1.238185
-2.468755
3.425742
-0.201228
-0.289073
3.492081
4.677831
4.262035
3.352051
1.974360
0.224016
-1.963344
-5.263369
2.078065
4.246976
-0.535814
-0.187724
-5.069431
-5.759563
1.830463
3.779080
-4.843139
-3.070732
4.548763
2.066146
5.164990
-0.736473
0.026583
0.043385
-0.300289
5.086664
-1.567329
5.835599
1.197909
0.129091
-6.172061
-6.591845
2.361499
5.245140
-2.841673
0.612866
-0.472450
3.468099
5.248671
3.062544
-5.425274
2.401892
1.380240
-4.131450
-3.443217
-2.869265
1.749728
-2.171731
-2.821269
-0.010068
-0.022515
0.043965
-0.399589
0.442507
0.268215
-0.798796
-0.106767
0.880622
0.696894
-0.829889
-0.321762
-0.112225
-0.773038
-0.143427
0.664258
0.830101
0.961542
0.586376
-0.197303
0.612420
0.617927
0.691397
0.681074
-0.648599
0.156934
0.364106
-1.628785
-0.064757
-1.250900
-0.705418
1.495858
1.922925
1.678825
-0.534750
2.034908
0.628105
0.588774
0.862183
1.149734
-0.205352
-0.036971
-0.462398
1.369690
-0.376965
0.420037
1.801913
1.410251
-0.379084
0.800303
-0.441328
0.645453
1.476721
0.237894
0.314184
1.081764
-0.111631
0.465247
0.257529
0.834380
0.913680
2.521397
1.887248
-0.812301
-1.161159
-0.655789
-2.861857
-0.645789
0.804112
2.935135
2.421732
-0.133200
1.925152
0.991734
2.342327
2.717148
-2.735281
0.052566
-0.516053
-0.100587
0.004636
0.963426
0.796164
0.276569
-0.030702
0.304201
-0.574631
0.285403
0.190922
-0.732812
0.079024
0.409185
-0.051114
-0.046226
1.293084
0.426787
0.928828
0.846097
0.026726
1.276634
-0.960520
-1.258859
0.924215
0.445237
-1.023302
3.044389
-0.023098
-3.417563
-3.125468
-2.159578
-2.458455
2.264103
0.540379
-0.020181
2.073333
-1.865890
-2.761206
-3.106693
1.683677
2.052736
0.300166
2.395547
-0.283727
-0.095177
-2.577562
-1.415884
2.741687
-1.171034
-2.671646
0.441586
-3.654722
1.280314
1.336262
-0.398070
-3.927926
2.861321
8.457472
0.218758
-7.128360
-1.957449
-0.622898
1.511042
6.649319
-3.900602
-9.859020
-7.174534
7.211099
-0.120684
-0.568317
2.802475
6.129006
1.093194
-7.925956
-6.642494
7.691724
2.990753
-1.158985
-0.985304
-6.806523
-2.032601
-0.133007
-0.102430
0.093011
-0.010612
0.131836
0.169102
0.212461
1.392279
-0.516506
-0.210344
-0.780391
1.267314
2.281320
2.332713
1.251555
-0.226683
0.213656
-0.022582
-2.305771
-0.011661
0.205543
-0.813568
0.213055
0.360355
0.033990
3.675375
-3.348880
-1.436233
0.115161
-1.420555
-1.377525
5.493023
4.873575
3.375734
0.140773
-5.355129
2.763196
-2.032033
1.442372
3.893619
-7.469780
-6.661587
5.296830
-2.014318
3.919985
5.317338
0.124841
0.019404
0.137631
-0.231953
-0.005185
0.118312
-0.678345
-0.191259
-0.164065
0.291386
0.101187
-0.643996
1.323077
-1.459981
0.314841
0.913526
-1.734985
-0.264811
1.047570
1.635216
-0.984222
1.788960
-0.376554
0.998936
-0.033145
0.023853
-0.138781
0.454951
0.332794
0.092097
-0.118958
0.302310
-0.542415
0.878632
2.262662
-2.006872
0.060143
0.422568
1.414817
-2.065873
-1.619365
-1.936529
-2.051041
1.439394
1.388905
-2.174291
3.831118
4.493551
-3.861008
-3.396387
-1.904309
-1.578100
-1.823285
1.753667
4.381762
3.814406
2.714508
-1.333939
-0.142253
1.456125
-2.093482
4.450350
-1.748408
0.394036
3.504843
2.981252
2.727959
3.367918
0.161374
-0.094948
-0.002842
-0.008574
-2.572247
3.476987
5.173675
-0.389047
-4.143472
1.418158
2.835283
1.440034
-1.731534
1.763546
0.076740
1.445567
2.584758
4.009772
-1.894872
-3.844331
-1.288927
-0.438071
0.425718
-0.747914
-0.503039
-0.563688
-0.188918
0.123342
-0.577832
-0.644149
0.311108
1.363676
1.475071
1.112564
1.350575
-0.940832
1.613764
-0.276975
2.462234
-2.337867
0.241391
1.110395
1.730550
-1.346441
-2.654710
0.820995
-0.368176
-0.525427
1.170898
0.901939
-0.376924
-0.499079
-0.353860
-0.225506
-2.431330
-3.181407
-0.319609
0.313827
1.168942
-0.537661
-2.691191
1.211681
2.065372
2.734076
-2.493716
-0.154861
-0.037568
-1.163673
0.349431
1.025753
1.837437
2.245436
-1.049440
-3.064909
4.050897
3.969487
-0.896203
3.827221
2.645281
0.223619
3.608449
4.131313
3.306453
-0.544931
2.920133
0.548094
-0.315320
-3.500448
0.834954
-1.382407
3.154381
3.502375
-0.499739
-0.031357
-1.904957
1.109684
0.843245
-0.079134
0.185145
-0.713732
-3.422998
-1.430424
-0.118686
-1.915258
-0.782500
0.290356
2.253421
2.492003
-0.051577
-0.131680
3.221127
-1.789430
-2.725703
3.488547
-0.912511
0.983573
3.408643
2.862937
-1.902884
-4.238363
2.865452
2.117234
-3.259853
0.476930
1.042540
-0.136667
3.449269
3.085928
-4.342563
-0.729714
1.966418
-0.500178
-0.835482
0.260312
-4.031895
-1.486446
-3.684698
4.042643
0.692406
-2.936218
-2.107095
-0.694324
-1.087674
4.160645
-3.761008
0.871684
-2.615789
-1.335071
1.668985
-1.040124
-1.621530
2.030556
2.323091
0.817248
2.079121
2.440273
1.184838
2.335777
-0.232003
2.432078
-2.034077
-0.063404
0.060298
2.631344
1.765065
2.613622
0.805664
2.466217
0.791990
0.916067
-2.511213
-1.909541
-0.324592
0.191405
-0.007600
1.199059
1.306364
0.068709
1.460634
-1.347967
-0.574614
-0.669907
0.408837
0.705064
0.667860
-0.693149
0.761352
-0.077760
0.065066
4.336296
-1.748994
0.330235
-1.641949
2.095748
2.033559
-2.191208
-2.806636
-2.140170
-1.154778
-3.780532
3.801882
-4.233491
-0.954138
0.464809
-0.541067
-0.084726
0.564686
-2.151819
1.934039
-2.920909
-1.803662
2.019393
-2.894920
0.123131
-1.076299
2.251902
-1.191804
-0.093083
0.172198
-0.716632
0.118752
0.444028
-0.694690
-0.390246
1.045617
-1.031527
-1.001438
1.186031
0.887562
-1.183315
-0.255177
-0.471304
0.297138
1.127243
0.312921
0.661141
1.648743
0.143710
0.386571
-1.312363
-0.458420
1.732580
-1.137438
-1.776136
0.283470
0.520738
-3.501336
0.714694
-2.904150
2.664864
-2.594417
-1.023933
-3.568858
-2.189220
2.396855
-3.235052
-2.551181
3.287086
-1.433734
2.384280
1.353653
0.919486
0.948636
-1.370285
1.274290
-0.085634
-1.666109
-0.861723
0.192716
-0.672161
-0.833891
-0.910896
-0.194223
0.646595
-2.784646
1.048790
-1.777568
-1.400853
0.046379
-0.176802
0.357824
-2.733763
2.868290
0.400301
-0.407223
0.828799
-0.252588
-0.640065
0.835399
0.196518
0.598277
0.230005
1.102139
1.118900
2.047504
2.051841
1.119863
-0.315641
-0.990170
-0.039656
1.353532
0.016226
-0.825828
1.951175
0.244756
0.051188
-0.095125
-1.036372
2.200863
2.853238
0.743245
3.222218
0.332712
3.102891
-2.146299
0.094337
-3.435420
-1.911925
2.271311
-2.027038
-2.412236
-0.059337
1.552622
2.203148
-0.116588
0.784815
0.527972
-0.506386
0.376628
2.474728
-2.286806
-3.587882
-1.969459
2.240084
4.539536
3.766840
-0.305834
1.747076
1.972750
-2.702938
-0.758776
-0.822735
3.440012
1.286086
-3.586137
-1.259960
0.985746
0.283460
0.062125
1.796405
-0.547141
-0.859700
1.250142
0.323209
0.165568
-0.183879
0.175844
-0.683418
0.860698
1.208381
0.144263
-0.036626
-0.456819
0.490570
0.134986
0.345865
0.037240
0.185753
-0.324187
0.295463
0.560588
-0.347184
-0.206682
0.614796
0.136032
0.192871
1.434066
0.687078
-1.779455
-0.424695
-0.739312
0.389100
-1.792954
-1.443491
-2.933064
-2.354902
-0.380296
0.886000
1.136218
-3.400760
-1.930198
2.707598
2.194505
2.068923
-2.550087
1.072109
0.115901
2.739700
-2.563970
-0.774741
-2.676596
-2.235138
-0.604138
0.229308
-0.297285
-0.796555
0.259532
0.846611
1.132359
1.159953
0.317876
-2.282490
-1.735008
-1.861859
0.335249
-0.128516
-1.101375
0.675383
-0.914956
1.367277
0.154191
-0.922956
-0.150674
0.157252
0.439390
-0.083368
-0.246979
-0.281236
0.712866
0.011244
2.320089
1.110401
2.135696
1.215910
2.185173
1.189317
1.652756
0.306332
-0.167580
-0.216716
-1.115964
-1.497773
-2.722210
-2.480186
1.297310
-0.482370
1.133589
-2.337226
-2.129564
-1.489722
1.578504
1.201191
-2.285937
0.251561
0.460985
1.148248
0.066771
-0.035790
0.503120
1.772819
-1.798376
-0.091504
-0.605344
-2.100942
0.225777
-0.268964
-0.287843
0.508667
0.327776
0.869593
0.351107
1.083244
0.534122
0.433704
-2.213409
-0.854808
-0.326560
-1.114531
0.665196
-0.073381
1.930386
-2.763865
0.408732
-0.722698
-0.659576
0.118173
0.636384
0.204033
-0.307657
-0.096778
-0.611306
0.156701
0.100282
1.429352
1.900514
-0.692499
0.409801
-0.733661
1.358153
-1.519482
-0.350633
-1.643026
-0.206125
-1.755110
1.099006
1.516632
-0.210251
2.114528
-0.947389
-1.248850
-0.944155
-0.795908
0.178200
-1.937440
-0.900785
2.229586
-0.413720
-0.034970
0.911122
2.237874
2.105129
0.452605
-1.060799
-2.104070
0.099446
-1.930865
-0.517824
1.050950
1.078099
-0.378161
1.522026
-2.552552
-0.126834
-0.226650
-0.991199
-0.847621
0.722250
0.931692
0.822447
1.195461
0.978478
1.070051
0.726217
0.326185
-0.070768
1.137011
-0.120067
0.063404
-0.556138
-0.077418
1.296540
-0.575509
-0.759656
-1.507571
1.478894
0.472148
-0.196478
1.383442
-0.382145
1.561736
-0.769076
-0.066416
0.851956
0.074745
1.303088
-1.039583
0.094512
1.348727
-0.987500
0.268036
1.669013
-1.897144
2.219019
-1.581098
2.251735
2.538691
-0.618767
-2.083285
-1.206137
-2.332481
-5.889432
3.403726
2.676494
0.356597
1.853766
-0.531752
-3.423847
-4.330844
-0.423741
0.585167
2.142818
1.137749
-3.952548
2.929703
5.251030
3.089002
-2.215545
-4.481513
-1.577344
2.283172
3.057996
0.156759
-0.284262
0.755490
-0.899842
0.190237
0.438364
0.082417
0.291739
0.000367
1.019992
-0.152657
-0.601070
-0.115700
0.994534
-1.500544
-1.380300
3.675468
-1.782670
-0.815137
-2.450662
-4.203098
1.312083
-1.958653
-2.434383
5.057460
0.356537
-1.435626
4.092675
3.158540
-4.470126
2.213908
-6.129232
-3.879126
-3.364913
-1.898139
-2.300834
0.927852
0.606920
1.416160
-0.408972
1.200684
0.530041
1.122665
-1.285478
1.360149
0.931675
0.080459
-0.213416
0.085361
0.404828
0.142041
1.355461
0.038582
-0.277155
0.547637
0.461972
1.206166
-0.122190
-1.990913
-1.882354
-0.013932
-0.121710
2.749658
1.781944
1.722850
0.548798
-2.782172
1.323599
1.378321
-0.463371
-3.164223
-1.276207
3.169643
-1.005449
0.987639
0.824553
0.129892
-0.199415
-0.280230
0.002299
2.080796
0.855193
-4.951131
-1.830237
0.001192
3.184895
0.617612
-2.674122
1.851246
-2.100812
0.419723
2.631004
1.582878
-4.376689
3.343879
1.157779
-0.606089
-0.466656
-4.224340
-3.690153
-4.568187
-4.023394
3.455436
-0.342225
2.242730
1.653088
1.733547
-1.492922
-0.974285
-1.642764
-0.112743
-1.422510
-0.285079
-1.455453
-1.524676
1.587608
-1.681743
2.603282
0.873420
0.879372
-0.084900
-1.248759
-0.610425
0.028667
2.773403
1.271713
1.533905
0.958334
-0.651535
1.312167
0.824259
0.892437
-0.288006
0.804450
0.081473
0.307290
-0.317831
-0.147885
0.106241
-0.057028
-0.003405
0.256417
-0.148919
0.025125
0.476528
-1.777551
-1.432647
1.494840
-1.070889
0.568177
0.675210
1.655013
-0.850000
-1.570618
1.313225
1.402423
0.384028
-0.939789
-0.335475
1.292443
-1.720390
-0.347118
-1.501024
-1.246542
0.295009
0.997858
-1.469834
1.895140
1.967937
1.164466
-1.496228
0.055903
-1.497931
0.695790
0.180869
-1.924461
-0.765562
-0.196674
-0.445769
-1.694144
-1.078298
-0.140954
0.309285
0.623571
0.579732
-0.186255
-3.912540
3.126873
3.968428
0.435555
-4.348583
-4.172993
-1.770170
2.926211
-4.601955
-1.565954
4.634407
0.230237
-3.521060
4.196502
-0.117305
0.007581
-0.102537
0.757525
-0.424472
-0.641378
-0.995712
-1.267835
0.214674
0.998554
-1.858801
-1.700110
-0.993435
-1.462072
-0.159141
-2.019370
1.755324
-2.248642
2.308871
0.988765
-1.219707
-0.759557
-0.761972
1.470807
0.461584
-0.813934
-0.044840
-1.020777
0.553948
0.761353
-1.140260
0.652195
0.246834
-1.198698
-0.175501
1.361241
-1.498326
0.675935
-0.602511
0.052541
-0.628248
0.069462
-2.448265
-3.480797
2.626250
-2.268025
1.790694
3.184547
0.423867
0.791891
0.363571
-0.785287
-3.467529
1.926661
-1.900054
-2.159199
2.906042
-1.366104
1.478031
0.646397
2.627639
-2.098626
2.889683
1.015140
-2.475739
2.860774
-1.175029
-3.163984
1.963569
0.907647
1.756953
0.486448
-0.054940
2.823170
0.018023
-0.895032
1.823644
-1.703280
-0.754922
1.043340
-0.647321
0.115001
-0.068261
-0.833804
1.226347
0.949042
1.506036
0.632030
0.895236
1.368449
-1.317250
-0.691350
-0.226191
1.531164
-2.236874
-0.289453
-0.800467
-1.638714
-0.934596
-0.177820
-1.604697
1.532871
0.073209
2.072423
1.759240
-2.457788
3.015887
-1.366038
-1.404284
-1.051239
-0.994943
-1.634915
-0.905127
-0.648441
0.205893
-2.079574
-2.491523
-2.920596
-0.973642
1.576187
2.565346
-3.522235
3.211568
0.975954
2.740204
1.964916
2.522183
-0.182848
-0.913611
-0.821778
-3.225734
-1.516420
3.094290
3.187273
-0.174181
0.053951
0.384777
0.222000
1.754199
0.104275
1.136917
1.812806
1.677392
-0.299171
-0.469497
-1.738659
0.800081
2.073842
0.482136
0.293807
0.574694
-0.048021
-1.192513
-1.031040
2.571433
-2.164469
-1.384615
-0.839103
-0.228365
-3.456276
5.005719
-1.833373
3.335501
0.523097
3.385063
1.841237
1.517091
-3.787572
5.839361
-3.705741
1.683837
0.072678
-0.092193
-0.494712
0.157713
0.935179
0.118643
0.866689
0.230507
-0.139752
0.191125
0.191938
0.503129
0.657675
0.560766
0.045266
-0.137020
-0.212715
0.113261
-1.615110
-0.624565
1.658778
0.153722
-0.658386
-2.198715
0.790308
0.078590
-1.380966
1.030956
-1.439854
-1.115724
-0.810079
-0.394019
0.902888
1.756622
-1.189220
1.561953
0.158736
-0.816912
-0.707169
0.715920
0.523377
-1.523879
0.687069
-0.354390
0.316594
-0.726654
-0.067432
0.093706
-1.472394
-0.007402
-1.102450
-0.457628
2.355440
0.852082
-2.379290
0.623241
-0.217136
-1.510141
-2.460552
0.159009
-1.432966
-0.840585
-1.776754
-1.075357
1.747586
-1.148148
1.406715
0.944521
-0.096250
2.374519
1.777638
2.413596
-2.378741
-2.541782
2.584134
0.980593
-2.646722
-0.657721
-0.319343
2.512717
-0.832125
-0.740202
-0.488060
-0.322510
1.319482
1.747340
-0.740782
0.800009
-1.010739
2.207816
-2.180338
2.128260
0.713722
-1.468523
1.368694
-1.534882
1.844213
-1.149530
-1.665594
2.180061
-0.068539
-3.802084
-3.221946
0.805914
-3.152872
0.778128
-0.062024
-1.571827
-2.195728
-3.008891
-0.177806
2.360447
1.211485
-2.061873
2.851638
-3.744026
4.109359
-2.230720
-1.056886
-1.291170
-1.224696
1.497007
-1.769378
1.230233
-0.674444
-0.005519
-0.153364
-0.621171
-0.571905
0.701957
-0.624672
-1.060247
-0.435615
1.238762
-0.829493
-0.392813
0.583284
-1.190006
-0.748723
-1.159064
0.678796
-1.225214
0.378623
0.016502
-0.118548
0.191994
-0.074993
0.090803
-0.587439
-0.219497
-0.418477
0.018068
0.039164
0.023571
0.758687
-0.316613
0.081986
-0.291242
1.096650
-0.500714
1.213270
0.117341
0.674353
0.439270
1.124082
-0.703649
-0.634662
-1.398836
-1.582159
-0.054366
0.710212
-0.043957
-0.381168
1.371508
1.509906
0.886507
-0.770082
0.271544
-0.555954
0.224409
-0.040719
0.269611
0.102975
0.398075
0.763617
0.778144
1.536296
-0.779884
-1.099132
-0.456332
-0.336007
-0.661266
1.122303
-0.166352
-1.393216
0.184745
0.857183
1.986826
-1.418530
0.300526
-0.203020
2.372826
-1.357925
0.220867
-0.686471
0.214241
0.800088
-0.785360
-0.510497
-1.177992
-1.038820
-1.071823
0.802958
1.395739
-1.479682
0.991050
-1.213468
0.829053
-0.979885
0.119408
-0.148367
0.089757
0.706506
0.418300
0.986681
0.005306
-0.060597
-0.946474
0.735074
0.169133
-0.266805
0.126108
0.999028
-0.624062
0.446744
0.246047
-0.474040
-0.131865
0.023269
0.580954
0.219769
-1.963399
-0.263750
2.147747
0.769360
0.182740
2.053546
1.708019
0.808543
1.750434
2.411816
-1.624219
-0.975746
-1.533141
-1.469217
-1.078451
-0.993506
-2.123469
1.556677
0.795835
2.485111
-1.937097
1.129196
-1.476498
1.213042
1.413107
0.350774
-1.193297
-0.252066
0.979113
-0.280369
1.307992
1.184395
-1.342611
-0.220631
-0.488000
-1.374394
0.083629
-0.725770
0.319343
0.088971
0.403402
-0.173125
0.117059
0.250619
1.718498
1.638375
-0.575725
0.232144
-1.019640
-1.927518
1.884506
-1.919996
1.550117
-1.379003
2.002036
0.076439
0.930497
-1.032298
-0.844396
-0.870583
-0.026983
-0.637395
-0.499221
0.553349
-1.238196
0.539236
-0.569398
-0.819672
1.440783
1.069885
1.032190
-0.920503
0.563392
-0.134405
-0.061649
0.199345
0.719686
-0.285393
0.433706
1.370227
-0.889210
1.444009
2.925581
-1.329787
-1.152131
-0.571546
1.696541
0.940383
2.853485
0.877189
0.689989
3.045634
-1.947205
-2.705204
-0.410840
3.070222
0.649702
0.266121
0.361606
0.991225
-1.867360
-2.974664
0.195198
-1.139731
-1.933050
-0.482943
-0.224339
0.911383
-0.427756
-0.056520
-0.988004
-0.768396
-0.989244
-1.163168
-1.162342
-0.653449
-0.026618
1.137446
-0.085438
-1.044654
0.407258
1.288673
0.059206
-1.043892
0.647056
-0.503695
0.698575
-0.715231
1.089987
-1.036109
-0.438436
1.020910
2.414890
-1.546713
-0.728642
1.332454
-3.113092
-0.228235
1.217326
2.226816
1.207274
0.343401
-2.658529
-0.356945
-1.400009
1.782656
-0.541455
-0.026552
0.557958
-0.722889
0.127371
0.358541
-0.066598
-0.594721
-0.345654
-0.312552
-0.022555
-0.374778
-0.243821
0.341287
-0.163567
-1.950469
-0.599849
-1.154862
0.265409
1.650966
1.264458
0.209977
-0.299981
-0.492148
-2.803441
-1.993446
0.994853
-1.843756
0.251707
0.820435
0.991466
-0.259235
-0.275628
1.255164
0.201636
-0.575059
1.420461
2.228545
-1.067183
-0.840269
0.074673
-1.140648
-2.123805
1.278337
1.022808
-0.056293
0.530355
0.257010
-0.836005
-0.675253
0.896578
0.674274
0.031527
-0.540847
0.049329
-0.075040
0.209246
-0.490813
-0.151231
-0.299601
0.124429
-0.107554
-0.476928
-0.297968
-0.061895
2.928882
2.904399
-0.859527
-0.859785
0.101084
-0.582672
2.795553
2.097682
3.268890
-3.018809
-1.984385
1.207087
-2.550927
-2.273682
1.148363
3.778495
0.263372
-0.666180
1.252561
-2.660250
0.869814
-1.136903
-1.014135
1.029724
0.719164
-0.018827
0.818032
-0.074005
0.087907
-0.945310
-0.135811
0.678109
0.827910
0.863474
0.925039
0.262859
-0.501755
-0.986094
0.902972
0.544225
-0.502268
-0.580549
-0.684879
0.482066
0.439411
0.394750
0.865366
0.031501
0.061777
0.858786
-0.660238
0.946296
0.875739
-1.037980
0.451885
1.108085
0.898815
-0.720370
0.645357
-0.658674
-1.012343
-1.574629
-1.831082
0.896427
-0.017476
-1.546308
-1.221336
-0.921405
1.265025
0.975929
0.275925
1.927599
0.436939
-1.646059
-1.796650
-0.459189
0.755261
1.446813
0.209705
-0.081558
1.811902
-1.320002
1.403706
1.688350
-1.057748
1.668117
1.739079
1.022319
-2.026024
0.171912
-1.410567
1.807144
0.312621
-1.794741
-0.944894
0.169610
1.344919
-0.429056
0.848728
1.053606
-0.137790
-1.179870
-0.493673
0.621127
0.217991
-0.784778
-1.191093
1.428065
0.033824
-1.107782
-1.310214
-0.066579
-0.286705
-0.991853
-0.058843
-0.577024
0.801176
-0.356842
-0.079226
0.296397
-0.534527
-0.303917
0.502764
0.892639
0.559080
0.843316
-0.666614
0.678234
-0.289371
-0.124354
-0.102983
-0.109342
1.509919
-1.922783
0.053951
1.991621
-1.808475
1.740628
-0.560914
1.611275
-0.852591
0.186136
-0.738100
-1.005089
-0.590517
0.783756
0.909116
0.499528
-0.141067
0.429540
-0.145391
-0.067408
-0.067407
0.084964
0.131213
-0.009312
0.230137
0.273486
-0.017830
-0.451438
0.747003
0.478101
0.131250
0.060323
-0.492624
-0.046788
0.894021
0.765334
0.832597
0.223453
0.178647
0.813934
0.057483
-0.594071
0.695062
-0.259308
-0.318568
0.002483
3.995300
0.536637
-0.205035
1.658264
-4.288761
0.397859
0.768643
0.878357
4.457827
-0.191819
-4.059312
-6.630710
-1.724430
1.838948
0.947750
3.083546
1.457697
1.280121
2.624467
-3.904256
-2.428809
-0.524478
0.811962
0.741433
-5.028320
-3.926479
7.660410
4.764201
-3.315758
-2.663477
-0.252342
0.032774
0.093746
-0.170108
-0.028403
-0.280817
-0.003852
-0.007206
-0.275722
-0.071369
-0.634807
0.713037
-0.937369
0.766503
-0.377790
-0.348009
0.314591
0.263870
-0.032596
-0.212037
-0.194914
-0.152866
-0.279981
0.385406
0.443404
-0.363029
0.047020
0.028078
0.079632
-0.604649
-1.179219
1.072690
0.196038
1.746367
1.511446
-1.218852
0.287612
1.081670
1.128554
-1.636625
-0.318995
-0.381997
-0.457255
0.151254
-0.284439
-0.175910
-0.286351
-0.181781
0.378904
0.707639
-0.138528
0.006360
-1.037670
0.524573
-0.179884
0.024832
0.131939
-0.153363
-0.235884
0.149164
0.226485
-0.481781
-0.560529
0.056132
0.350788
0.577454
-0.474066
-0.059261
-0.349095
0.006988
0.947038
-0.269350
0.664060
1.441454
1.274136
-0.518503
-0.370068
0.502619
0.246207
-0.080148
0.667427
1.105913
-0.983704
0.721750
-0.417948
0.713533
-0.199907
0.211999
-0.414220
0.171527
-0.223194
0.561636
-0.531270
0.431410
0.010458
0.128058
0.310366
-0.264547
0.035905
-0.163950
-0.285062
-0.424953
-0.790806
-0.729503
0.784321
-0.362806
-0.581738
-0.507365
-0.085107
0.526438
0.155083
0.562148
-0.910315
1.675950
1.386750
-1.229911
-0.969579
-0.800224
-1.063515
-0.099522
-1.256325
0.339873
-0.661707
1.644362
-1.660467
-1.406912
0.098343
0.043441
0.084726
0.144501
2.463783
-2.406874
0.579812
2.043433
0.293689
0.765077
-0.936617
1.115223
1.520766
-2.725271
0.216696
0.335012
1.449026
-1.470352
0.549659
-1.195784
1.871258
-0.788639
-0.420909
-0.393190
-0.341414
0.513736
0.462017
0.176782
0.366944
0.177377
0.594398
-0.020594
-1.209164
0.059946
-1.232829
-0.527363
-0.843348
0.476672
-0.963656
0.337969
0.502870
0.563276
-0.021283
0.173867
-0.152031
-0.244137
0.190923
1.475591
-1.800487
-1.533886
-0.486828
1.318541
-1.369678
1.763159
0.245334
1.568011
-0.446851
-1.386192
-0.684353
-0.409862
-0.839670
1.617432
0.860674
0.310370
-1.275594
-1.509069
0.406960
0.489328
-0.151296
0.036542
0.461268
-0.372011
-0.124863
0.786795
-0.869140
0.697127
0.143629
0.272802
-0.687555
-0.225092
0.594827
0.983927
0.129499
-0.231118
-1.059389
1.402114
-0.751092
-0.689532
-1.059570
-1.514581
-0.397544
-0.249304
-0.318671
0.707365
-0.779887
0.038831
-0.724352
0.324839
0.663730
-0.920415
1.390684
1.558911
0.420367
-0.077572
1.557775
0.080920
-0.007844
0.334074
0.134988
0.227552
-0.210999
-0.038563
-0.206967
0.327746
0.105153
0.329775
0.234423
-0.067098
-0.115289
-0.588265
-0.624528
-0.661250
0.600954
0.217235
-0.085635
-0.298921
0.320098
-0.255821
0.170965
-0.023717
0.240267
0.047190
-0.296086
-0.304104
-0.365406
0.641603
0.349434
0.523733
-0.190860
0.651403
0.148360
0.208674
0.086617
-0.689695
-0.470552
-0.554127
-0.538849
-0.282710
0.341156
0.051608
0.052655
0.256787
0.240165
0.079017
0.068787
-0.090002
-0.069057
-0.017591
0.157474
-0.292965
-0.019596
0.059953
-0.152749
0.152889
0.176632
0.429425
0.478137
-0.525858
0.381546
-0.367245
-0.336013
-0.517376
0.127963
-0.019286
0.068098
0.603177
-0.844203
0.106429
0.817761
-0.180846
0.439616
-0.815025
-0.347347
0.370617
-0.754293
0.753090
0.017619
-0.259804
0.284115
-0.821817
0.444066
0.028247
0.764086
-0.093884
0.508714
0.668618
0.267547
-0.633708
0.607317
0.196368
-0.858434
-0.303123
-0.577912
-0.791348
-0.937696
0.698405
-0.382718
1.002725
-0.253402
-1.123376
-0.101904
1.184700
0.134608
0.206168
-0.161802
-1.263359
-0.621654
-1.144897
-0.934871
1.110218
1.538385
-2.117089
1.761653
1.600017
-0.918312
-1.946969
-1.314093
1.623635
0.993637
-0.929715
-0.357035
-0.041651
0.046670
0.003085
-0.950703
0.299791
0.518648
0.396135
0.872426
0.014208
0.747249
0.506810
-0.077612
0.058325
0.752706
0.919294
-0.004605
-1.003000
-0.122201
0.720372
0.042400
-0.243733
0.083993
0.771971
0.293361
-0.334053
-0.368651
0.961208
-0.004716
0.576574
0.587388
0.004204
-0.014086
0.017829
-0.076028
-0.015975
0.127252
0.008131
0.033694
-0.041283
-0.010568
0.159213
0.182694
0.041200
0.130133
0.062560
-0.048589
0.171130
0.182386
0.223018
0.349434
-0.270260
-0.023669
-0.326863
0.193970
-0.182683
-0.328648
-0.244533
0.481075
0.232083
0.132330
0.102266
0.154923
-0.083131
0.246219
-0.060970
0.171623
0.164045
-0.328213
0.406852
-0.149384
1.096588
0.529453
-1.765210
-1.600883
0.002260
1.359702
1.348573
-0.691708
-0.489122
0.699459
-0.521509
-0.629892
0.972152
-0.438189
-0.090845
0.272349
-0.365117
-1.353911
0.706271
2.835708
0.314972
-2.613582
-0.693678
2.111289
-0.755388
-0.894123
-0.570446
1.453012
1.937995
-0.198565
1.291824
0.160873
-1.124662
-0.721816
-0.296729
-0.491177
0.085793
0.235265
0.171515
-0.693584
-0.105551
0.493276
0.076436
-0.193699
0.161528
0.150241
-0.039506
-0.541400
0.286014
0.298733
-0.477716
-0.150038
0.192351
-0.151274
-0.135884
0.250782
0.310121
-0.015942
-0.186238
0.220003
-0.402683
0.276173
-0.393224
0.140022
0.199365
-0.037146
0.773542
-0.520060
-0.065171
0.125653
0.768038
0.804218
0.060319
-0.161506
-0.231814
-0.241975
0.234659
0.371457
0.505815
0.211542
0.490289
0.532157
-0.624755
-0.772676
-0.530302
0.763164
0.541993
0.259973
-0.504287
-0.321788
-0.388584
-0.625129
-0.377107
0.030389
-0.106624
0.063556
0.404785
0.216600
-0.010434
0.326815
0.145209
0.377968
-0.106567
-0.187243
0.068448
-0.384042
0.238222
-0.214245
-0.080843
0.046816
-0.059480
0.084500
-0.000460
-0.045563
-0.032442
-0.030978
0.006164
0.051080
0.396159
-0.311704
0.271475
0.291804
0.146343
0.622106
-0.447387
-0.823804
0.471358
0.249752
-0.466398
0.430160
0.640421
-0.676045
0.443087
-0.056974
-0.256624
-0.762273
0.016851
0.718766
0.754933
0.337920
-0.781151
-0.528358
-0.071303
0.063855
-0.044100
-1.077931
1.158577
0.909844
0.276009
0.512600
-0.601224
-0.525297
0.130102
-0.797054
0.458297
1.385007
-0.742263
-0.420647
0.145386
0.601780
0.227811
-0.562957
-0.694743
-0.536375
0.830431
0.940640
-0.402097
0.030854
0.261931
-1.064927
0.283365
-0.268970
0.597868
-0.113324
0.295635
-0.134124
-0.599723
0.050113
-0.012381
0.002461
0.647820
0.961746
-0.303917
0.263779
-0.791705
-0.998156
0.486860
-0.795441
0.933457
-0.393632
-0.150186
0.264323
0.813318
-0.162034
0.769437
-0.990440
0.201498
0.963573
0.154936
-0.448926
-0.257351
0.426276
0.298432
-0.326550
0.200125
0.483861
-0.200012
0.366419
0.088033
0.089423
0.153618
-0.205126
0.211560
0.313999
0.460295
0.429506
-0.128679
-0.430526
0.143876
0.046153
0.048100
0.042583
0.049565
0.099385
-0.090133
-0.021930
-0.005290
-0.069319
-0.005743
-0.073173
0.006709
-0.054193
0.010993
-0.106205
-0.131424
0.006022
0.048300
-0.010394
0.126309
-0.068990
-0.034473
-0.059303
-0.059086
-0.051249
0.019886
-0.124209
0.047728
0.010787
0.013387
0.006381
-0.016453
0.037309
-0.068975
0.038291
-0.069431
0.032191
-0.042729
0.043902
0.095302
-0.058410
-0.083036
-0.087284
-0.104831
-0.032324
0.073627
-0.000091
-0.103021
0.006907
-0.005191
0.025651
0.000421
-0.101345
0.094423
0.099185
-0.048746
-0.085929
0.106707
0.081717
-0.098104
-0.001676
-0.034385
0.009214
-0.029519
0.018559
0.003085
-0.018674
0.014812
-0.029074
0.047124
-0.015357
0.036423
-0.006705
-0.009453
0.033083
0.020230
0.032386
0.027033
-0.008511
-0.010597
-0.040104
-0.090931
-0.017625
-0.095243
0.017748
0.096010
0.030942
0.007017
0.035428
-0.031022
0.050617
-0.020091
0.008826
-0.050972
0.020533
0.000000
0.000000
0.000000
0.000000
0.000000
0.000000
0.000000
0.000000
0.000000
0.000000
0.000000
0.000000
0.000000
0.000000
0.000000
0.000000
0.000000
0.000000
0.000000
0.000000
0.000000
0.000000
0.000000
0.000000
0.000000
0.000000
0.000000
0.000000
0.000000
0.000000
0.000000
0.000000
0.000000
0.000000
0.000000
0.000000
0.000000
0.000000
0.000000
0.000000
0.000000
0.000000
0.000000
0.000000
0.000000
0.000000
0.000000
0.000000
0.000000
0.000000
0.000000
0.000000
0.000000
0.000000
0.000000
0.000000
0.000000
0.000000
0.000000
0.000000
0.000000
0.000000
0.000000
0.000000
0.000000
0.000000
0.000000
0.000000
0.000000
0.000000
0.000000
0.000000
0.000000
0.000000
0.000000
0.000000
0.000000
0.000000
0.000000
0.000000
0.000000
0.000000
0.000000
0.000000
0.000000
0.000000
0.000000
0.000000
0.000000
0.000000
0.000000
0.000000
0.000000
0.000000
0.000000
0.000000
0.000000
0.000000
0.000000
0.000000
0.000000
0.000000
0.000000
0.000000
0.000000
0.000000
0.000000
0.000000
0.000000
0.000000
0.000000
0.000000
0.000000
0.000000
0.000000
0.000000
0.000000
0.000000
0.000000
0.000000
0.000000
0.000000
0.000000
0.000000
0.000000
0.000000
0.000000
0.000000
0.000000
0.000000
0.000000
0.000000
0.000000
0.000000
0.000000
0.000000
0.000000
0.000000
0.000000
0.000000
0.000000
0.000000
0.000000
0.000000
0.000000
0.000000
0.000000
0.000000
0.000000
0.000000
0.000000
0.000000
0.000000
0.000000
0.000000
0.000000
0.000000
0.000000
0.000000
0.000000
0.000000
0.000000
0.000000
0.000000
0.000000
0.000000
0.000000
0.000000
0.000000
0.000000
0.000000
0.000000
0.000000
0.000000
0.000000
0.000000
0.000000
0.000000
0.000000
0.000000
0.000000
0.000000
0.000000
0.000000
0.000000
0.000000
0.000000
0.000000
0.000000
0.000000
0.000000
0.000000
0.000000
0.000000
0.000000
0.000000
0.000000
0.000000
0.000000
0.000000
0.000000
0.000000
0.000000
0.000000
0.000000
0.000000
0.000000
0.000000
0.000000
0.000000
0.000000
0.000000
0.000000
0.000000
0.000000
0.000000
0.000000
0.000000
0.000000
0.000000
0.000000
0.000000
0.000000
0.000000
0.000000
0.000000
0.000000
0.000000
0.000000
0.000000
0.000000
0.000000
0.000000
0.000000
0.000000
0.000000
0.000000
0.000000
0.000000
0.000000
0.000000
0.000000
0.000000
0.000000
0.000000
0.000000
0.000000
0.000000
0.000000
0.000000
0.000000
0.000000
0.000000
0.000000
0.000000
0.000000
0.000000
0.000000
0.000000
0.000000
0.000000
0.000000
0.000000
0.000000
0.000000
0.000000
0.000000
0.000000
0.000000
0.000000
0.000000
0.000000
0.000000
0.000000
0.000000
0.000000
0.000000
0.000000
0.000000
0.000000
0.000000
0.000000
0.000000
0.000000
0.000000
0.000000
0.000000
0.000000
0.000000
0.000000
0.000000
0.000000
0.000000
0.000000
0.000000
0.000000
0.000000
0.000000
0.000000
0.000000
0.000000
0.000000
0.000000
0.000000
0.000000
0.000000
0.000000
0.000000
0.000000
0.000000
0.000000
0.000000
0.000000
0.000000
0.000000
0.000000
0.000000
0.000000
0.000000
0.000000
0.000000
0.000000
0.000000
0.000000
0.000000
0.000000
0.000000
0.000000
0.000000
0.000000
0.000000
0.000000
0.000000
0.000000
0.000000
0.000000
0.000000
0.000000
0.000000
0.000000
0.000000
0.000000
0.000000
0.000000
0.000000
0.000000
0.000000
0.000000
0.000000
0.000000
0.000000
0.000000
0.000000
0.000000
0.000000
0.000000
0.000000
0.000000
0.000000
0.000000
0.000000
0.000000
0.000000
0.000000
0.000000
0.000000
0.000000
0.000000
0.000000
0.000000
0.000000
0.000000
0.000000
0.000000
0.000000
0.000000
0.000000
0.000000
0.000000
0.000000
0.000000
0.000000
0.000000
0.000000
0.000000
0.000000
0.000000
0.000000
0.000000
0.000000
0.000000
0.000000
0.000000
0.000000
0.000000
0.000000
0.000000
0.000000
0.000000
0.000000
0.000000
0.000000
0.000000
0.000000
0.000000
0.000000
0.000000
0.000000
0.000000
0.000000
0.000000
0.000000
0.000000
0.000000
0.000000
0.000000
0.000000
0.000000
0.000000
0.000000
0.000000
0.000000
0.000000
0.000000
0.000000
0.000000
0.000000
0.000000
0.000000
0.000000
0.000000
0.000000
0.000000
0.000000
0.000000
0.000000
0.000000
0.000000
0.000000
0.000000
0.000000
0.000000
0.000000
0.000000
0.000000
0.000000
0.000000
0.000000
0.000000
0.000000
0.000000
0.000000
0.000000
0.000000
0.000000
0.000000
0.000000
0.000000
0.000000
0.000000
0.000000
0.000000
0.000000
0.000000
0.000000
0.000000
0.000000
0.000000
0.000000
0.000000
0.000000
0.000000
0.000000
0.000000
0.000000
0.000000
0.000000
0.000000
0.000000
0.000000
0.000000
0.000000
0.000000
0.000000
0.000000
0.000000
0.000000
0.000000
0.000000
0.000000
0.000000
0.000000
0.000000
0.000000
0.000000
0.000000
0.000000
0.000000
0.000000
0.000000
0.000000
0.000000
0.000000
0.000000
0.000000
0.000000
0.000000
0.000000
0.000000
0.000000
0.000000
0.000000
0.000000
0.000000
0.000000
0.000000
0.000000
0.000000
0.000000
0.000000
0.000000
0.000000
0.000000
0.000000
0.000000
0.000000
0.000000
0.000000
0.000000
0.000000
0.000000
0.000000
0.000000
0.000000
0.000000
0.000000
0.000000
0.000000
0.000000
0.000000
0.000000
0.000000
0.000000
0.000000
0.000000
0.000000
0.000000
0.000000
0.000000
0.000000
0.000000
0.000000
0.000000
0.000000
0.000000
0.000000
0.000000
0.000000
0.000000
0.000000
0.000000
0.000000
0.000000
0.000000
0.000000
0.000000
0.000000
0.000000
0.000000
0.000000
0.000000
0.000000
0.000000
0.000000
0.000000
0.000000
0.000000
0.000000
0.000000
0.000000
0.000000
0.000000
0.000000
0.000000
0.000000
0.000000
0.000000
0.000000
0.000000
0.000000
0.000000
0.000000
0.000000
0.000000
0.000000
0.000000
0.000000
0.000000
0.000000
0.000000
0.000000
0.000000
0.000000
0.000000
0.000000
0.000000
0.000000
0.000000
0.000000
0.000000
0.000000
0.000000
0.000000
0.000000
0.000000
0.000000
0.000000
0.000000
0.000000
0.000000
0.000000
0.000000
0.000000
0.000000
0.000000
0.000000
0.000000
0.000000
0.000000
0.000000
0.000000
0.000000
0.000000
0.000000
0.000000
0.000000
0.000000
0.000000
0.000000
0.000000
0.000000
0.000000
0.000000
0.000000
0.000000
0.000000
0.000000
0.000000
0.000000
0.000000
0.000000
0.000000
0.000000
0.000000
0.000000
0.000000
0.000000
0.000000
0.000000
0.000000
0.000000
0.000000
0.000000
0.000000
0.000000
0.000000
0.000000
0.000000
0.000000
0.000000
0.000000
0.000000
0.000000
0.000000
0.000000
0.000000
0.000000
0.000000
0.000000
0.000000
0.000000
0.000000
0.000000
0.000000
0.000000
0.000000
0.000000
0.000000
0.000000
0.000000
0.000000
0.000000
0.000000
0.000000
0.000000
0.000000
0.000000
0.000000
0.000000
0.000000
0.000000
0.000000
0.000000
0.000000
0.000000
0.000000
0.000000
0.000000
0.000000
0.000000
0.000000
0.000000
0.000000
0.000000
0.000000
0.000000
0.000000
0.000000
0.000000
0.000000
0.000000
0.000000
0.000000
0.000000
0.000000
0.000000
0.000000
0.000000
0.000000
0.000000
0.000000
0.000000
0.000000
0.000000
0.000000
0.000000
0.000000
0.000000
0.000000
0.000000
0.000000
0.000000
0.000000
0.000000
0.000000
0.000000
0.000000
0.000000
0.000000
0.000000
0.000000
0.000000
0.000000
0.000000
0.000000
0.000000
0.000000
0.000000
0.000000
0.000000
0.000000
0.000000
0.000000
0.000000
0.000000
0.000000
0.000000
0.000000
0.000000
0.000000
0.000000
0.000000
0.000000
0.000000
0.000000
0.000000
0.000000
0.000000
0.000000
0.000000
0.000000
0.000000
0.000000
0.000000
0.000000
0.000000
0.000000
0.000000
0.000000
0.000000
0.000000
0.000000
0.000000
0.000000
0.000000
0.000000
0.000000
0.000000
0.000000
0.000000
0.000000
0.000000
0.000000
0.000000
0.000000
0.000000
0.000000
0.000000
0.000000
0.000000
0.000000
0.000000
0.000000
0.000000
0.000000
0.000000
0.000000
0.000000
0.000000
0.000000
0.000000
0.000000
0.000000
0.000000
0.000000
0.000000
0.000000
0.000000
0.000000
0.000000
0.000000
0.000000
0.000000
0.000000
0.000000
0.000000
0.000000
0.000000
0.000000
0.000000
0.000000
0.000000
0.000000
0.000000
0.000000
0.000000
0.000000
0.000000
0.000000
0.000000
0.000000
0.000000
0.000000
0.000000
0.000000
0.000000
0.000000
0.000000
0.000000
0.000000
0.000000
0.000000
0.000000
0.000000
0.000000
0.000000
0.000000
0.000000
0.000000
0.000000
0.000000
0.000000
0.000000
0.000000
0.000000
0.000000
0.000000
0.000000
0.000000
0.000000
0.000000
0.000000
0.000000
0.000000
0.000000
0.000000
0.000000
0.000000
0.000000
0.000000
0.000000
0.000000
0.000000
0.000000
0.000000
0.000000
0.000000
0.000000
0.000000
0.000000
0.000000
0.000000
0.000000
0.000000
0.000000
0.000000
0.000000
0.000000
0.000000
0.000000
0.000000
0.000000
0.000000
0.000000
0.000000
0.000000
0.000000
0.000000
0.000000
0.000000
0.000000
0.000000
0.000000
0.000000
0.000000
0.000000
0.000000
0.000000
0.000000
0.000000
0.000000
0.000000
0.000000
0.000000
0.000000
0.000000
0.000000
0.000000
0.000000
0.000000
0.000000
0.000000
0.000000
0.000000
0.000000
0.000000
0.000000
0.000000
0.000000
0.000000
0.000000
0.000000
0.000000
0.000000
0.000000
0.000000
0.000000
0.000000
0.000000
0.000000
0.000000
0.000000
0.000000
0.000000
0.000000
0.000000
0.000000
0.000000
0.000000
0.000000
0.000000
0.000000
0.000000
0.000000
0.000000
0.000000
0.000000
0.000000
0.000000
0.000000
0.000000
0.000000
0.000000
0.000000
0.000000
0.000000
0.000000
0.000000
0.000000
0.000000
0.000000
0.000000
0.000000
0.000000
0.000000
0.000000
0.000000
0.000000
0.000000
0.000000
0.000000
0.000000
0.000000
0.000000
0.000000
0.000000
0.000000
0.000000
0.000000
0.000000
0.000000
0.000000
0.000000
0.000000
0.000000
0.000000
0.000000
0.000000
0.000000
0.000000
0.000000
0.000000
0.000000
0.000000
0.000000
0.000000
0.000000
0.000000
0.000000
0.000000
0.000000
0.000000
0.000000
0.000000
0.000000
0.000000
0.000000
0.000000
0.000000
0.000000
0.000000
0.000000
0.000000
0.000000
0.000000
0.000000
0.000000
0.000000
0.000000
0.000000
0.000000
0.000000
0.000000
0.000000
0.000000
0.000000
0.000000
0.000000
0.000000
0.000000
0.000000
0.000000
0.000000
0.000000
0.000000
0.000000
0.000000
0.000000
0.000000
0.000000
0.000000
0.000000
0.000000
0.000000
0.000000
0.000000
0.000000
0.000000
0.000000
0.000000
0.000000
0.000000
0.000000
0.000000
0.000000
0.000000
0.000000
0.000000
0.000000
0.000000
0.000000
0.000000
0.000000
0.000000
0.000000
0.000000
0.000000
0.000000
0.000000
0.000000
0.000000
0.000000
0.000000
0.000000
0.000000
0.000000
0.000000
0.000000
0.000000
0.000000
0.000000
0.000000
0.000000
0.000000
0.000000
0.000000
0.000000
0.000000
0.000000
0.000000
0.000000
0.000000
0.000000
0.000000
0.000000
0.000000
0.000000
0.000000
0.000000
0.000000
0.000000
0.000000
0.000000
0.000000
0.000000
0.000000
0.000000
0.000000
0.000000
0.000000
0.000000
0.000000
0.000000
0.000000
0.000000
0.000000
0.000000
0.000000
0.000000
0.000000
0.000000
0.000000
0.000000
0.000000
0.000000
0.000000
0.000000
0.000000
0.000000
0.000000
0.000000
0.000000
0.000000
0.000000
0.000000
0.000000
0.000000
0.000000
0.000000
0.000000
0.000000
0.000000
0.000000
0.000000
0.000000
0.000000
0.000000
0.000000
0.000000
0.000000
0.000000
0.000000
0.000000
0.000000
0.000000
0.000000
0.000000
0.000000
0.000000
0.000000
0.000000
0.000000
0.000000
0.000000
0.000000
0.000000
0.000000
0.000000
0.000000
0.000000
0.000000
0.000000
0.000000
0.000000
0.000000
0.000000
0.000000
0.000000
0.000000
0.000000
0.000000
0.000000
0.000000
0.000000
0.000000
0.000000
0.000000
0.000000
0.000000
0.000000
0.000000
0.000000
0.000000
0.000000
0.000000
0.000000
0.000000
0.000000
0.000000
0.000000
0.000000
0.000000
0.000000
0.000000
0.000000
0.000000
0.000000
0.000000
0.000000
0.000000
0.000000
0.000000
0.000000
0.000000
0.000000
0.000000
0.000000
0.000000
0.000000
0.000000
0.000000
0.000000
0.000000
0.000000
0.000000
0.000000
0.000000
0.000000
0.000000
0.000000
0.000000
0.000000
0.000000
0.000000
0.000000
0.000000
0.000000
0.000000
0.000000
0.000000
0.000000
0.000000
0.000000
0.000000
0.000000
0.000000
0.000000
0.000000
0.000000
0.000000
0.000000
0.000000
0.000000
0.000000
0.000000
0.000000
0.000000
0.000000
0.000000
0.000000
0.000000
0.000000
0.000000
0.000000
0.000000
0.000000
0.000000
0.000000
0.000000
0.000000
0.000000
0.000000
0.000000
0.000000
0.000000
0.000000
0.000000
0.000000
0.000000
0.000000
0.000000
0.000000
0.000000
0.000000
0.000000
0.000000
0.000000
0.000000
0.000000
0.000000
0.000000
0.000000
0.000000
0.000000
0.000000
0.000000
0.000000
0.000000
0.000000
0.000000
0.000000
0.000000
0.000000
0.000000
0.000000
0.000000
0.000000
0.000000
0.000000
0.000000
0.000000
0.000000
0.000000
0.000000
0.000000
0.000000
0.000000
0.000000
0.000000
0.000000
0.000000
0.000000
0.000000
0.000000
0.000000
0.000000
0.000000
0.000000
0.000000
0.000000
0.000000
0.000000
0.000000
0.000000
0.000000
0.000000
0.000000
0.000000
0.000000
0.000000
0.000000
0.000000
0.000000
0.000000
0.000000
0.000000
0.000000
0.000000
0.000000
0.000000
0.000000
0.000000
0.000000
0.000000
0.000000
0.000000
0.000000
0.000000
0.000000
0.000000
0.000000
0.000000
0.000000
0.000000
0.000000
0.000000
0.000000
0.000000
0.000000
0.000000
0.000000
0.000000
0.000000
0.000000
0.000000
0.000000
0.000000
0.000000
0.000000
0.000000
0.000000
0.000000
0.000000
0.000000
0.000000
0.000000
0.000000
0.000000
0.000000
0.000000
0.000000
0.000000
0.000000
0.000000
0.000000
0.000000
0.000000
0.000000
0.000000
0.000000
0.000000
0.000000
0.000000
0.000000
0.000000
0.000000
0.000000
0.000000
0.000000
0.000000
0.000000
0.000000
0.000000
0.000000
0.000000
0.000000
0.000000
0.000000
0.000000
0.000000
0.000000
0.000000
0.000000
0.000000
0.000000
0.000000
0.000000
0.000000
0.000000
0.000000
0.000000
0.000000
0.000000
0.000000
0.000000
0.000000
0.000000
0.000000
0.000000
0.000000
0.000000
0.000000
0.000000
0.000000
0.000000
0.000000
0.000000
0.000000
0.000000
0.000000
0.000000
0.000000
0.000000
0.000000
0.000000
0.000000
0.000000
0.000000
0.000000
0.000000
0.000000
0.000000
0.000000
0.000000
0.000000
0.000000
0.000000
0.000000
0.000000
0.000000
0.000000
0.000000
0.000000
0.000000
0.000000
0.000000
0.000000
0.000000
0.000000
0.000000
0.000000
0.000000
0.000000
0.000000
0.000000
0.000000
0.000000
0.000000
0.000000
0.000000
0.000000
0.000000
0.000000
0.000000
0.000000
0.000000
0.000000
0.000000
0.000000
0.000000
0.000000
0.000000
0.000000
0.000000
0.000000
0.000000
0.000000
0.000000
0.000000
0.000000
0.000000
0.000000
0.000000
0.000000
0.000000
0.000000
0.000000
0.000000
0.000000
0.000000
0.000000
0.000000
0.000000
0.000000
0.000000
0.000000
0.000000
0.000000
0.000000
0.000000
0.000000
0.000000
0.000000
0.000000
0.000000
0.000000
0.000000
0.000000
0.000000
0.000000
0.000000
0.000000
0.000000
0.000000
0.000000
0.000000
0.000000
0.000000
0.000000
0.000000
0.000000
0.000000
0.000000
0.000000
0.000000
0.000000
0.000000
0.000000
0.000000
0.000000
0.000000
0.000000
0.000000
0.000000
0.000000
0.000000
0.000000
0.000000
0.000000
0.000000
0.000000
0.000000
0.000000
0.000000
0.000000
0.000000
0.000000
0.000000
0.000000
0.000000
0.000000
0.000000
0.000000
0.000000
0.000000
0.000000
0.000000
0.000000
0.000000
0.000000
0.000000
0.000000
0.000000
0.000000
0.000000
0.000000
0.000000
0.000000
0.000000
0.000000
0.000000
0.000000
0.000000
0.000000
0.000000
0.000000
0.000000
0.000000
0.000000
0.000000
0.000000
0.000000
0.000000
0.000000
0.000000
0.000000
0.000000
0.000000
0.000000
0.000000
0.000000
0.000000
0.000000
0.000000
0.000000
0.000000
0.000000
0.000000
0.000000
0.000000
0.000000
0.000000
0.000000
0.000000
0.000000
0.000000
0.000000
0.000000
0.000000
0.000000
0.000000
0.000000
0.000000
0.000000
0.000000
0.000000
0.000000
0.000000
0.000000
0.000000
0.000000
0.000000
0.000000
0.000000
0.000000
0.000000
0.000000
0.000000
0.000000
0.000000
0.000000
0.000000
0.000000
0.000000
0.000000
0.000000
0.000000
0.000000
0.000000
0.000000
0.000000
0.000000
0.000000
0.000000
0.000000
0.000000
0.000000
0.000000
0.000000
0.000000
0.000000
0.000000
0.000000
0.000000
0.000000
0.000000
0.000000
0.000000
0.000000
0.000000
0.000000
0.000000
0.000000
0.000000
0.000000
0.000000
0.000000
0.000000
0.000000
0.000000
0.000000
0.000000
0.000000
0.000000
0.000000
0.000000
0.000000
0.000000
0.000000
0.000000
0.000000
0.000000
0.000000
0.000000
0.000000
0.000000
0.000000
0.000000
0.000000
0.000000
0.000000
0.000000
0.000000
0.000000
0.000000
0.000000
0.000000
0.000000
0.000000
0.000000
0.000000
0.000000
0.000000
0.000000
0.000000
0.000000
0.000000
0.000000
0.000000
0.000000
0.000000
0.000000
0.000000
0.000000
0.000000
0.000000
0.000000
0.000000
0.000000
0.000000
0.000000
0.000000
0.000000
0.000000
0.000000
0.000000
0.000000
0.000000
0.000000
0.000000
0.000000
0.000000
0.000000
0.000000
0.000000
0.000000
0.000000
0.000000
0.000000
0.000000
0.000000
0.000000
0.000000
0.000000
0.000000
0.000000
0.000000
0.000000
0.000000
0.000000
0.000000
0.000000
0.000000
0.000000
0.000000
0.000000
0.000000
0.000000
0.000000
0.000000
0.000000
0.000000
0.000000
0.000000
0.000000
0.000000
0.000000
0.000000
0.000000
0.000000
0.000000
0.000000
0.000000
0.000000
0.000000
0.000000
0.000000
0.000000
0.000000
0.000000
0.000000
0.000000
0.000000
0.000000
0.000000
0.000000
0.000000
0.000000
0.000000
0.000000
0.000000
0.000000
0.000000
0.000000
0.000000
0.000000
0.000000
0.000000
0.000000
0.000000
0.000000
0.000000
0.000000
0.000000
0.000000
0.000000
0.000000
0.000000
0.000000
0.000000
0.000000
0.000000
0.000000
0.000000
0.000000
0.000000
0.000000
0.000000
0.000000
0.000000
0.000000
0.000000
0.000000
0.000000
0.000000
0.000000
0.000000
0.000000
0.000000
0.000000
0.000000
0.000000
0.000000
0.000000
0.000000
0.000000
0.000000
0.000000
0.000000
0.000000
0.000000
0.000000
0.000000
0.000000
0.000000
0.000000
0.000000
0.000000
0.000000
0.000000
0.000000
0.000000
0.000000
0.000000
0.000000
0.000000
0.000000
0.000000
0.000000
0.000000
0.000000
0.000000
0.000000
0.000000
0.000000
0.000000
0.000000
0.000000
0.000000
0.000000
0.000000
0.000000
0.000000
0.000000
0.000000
0.000000
0.000000
0.000000
0.000000
0.000000
0.000000
0.000000
0.000000
0.000000
0.000000
0.000000
0.000000
0.000000
0.000000
0.000000
0.000000
0.000000
0.000000
0.000000
0.000000
0.000000
0.000000
0.000000
0.000000
0.000000
0.000000
0.000000
0.000000
0.000000
0.000000
0.000000
0.000000
0.000000
0.000000
0.000000
0.000000
0.000000
0.000000
0.000000
0.000000
0.000000
0.000000
0.000000
0.000000
0.000000
0.000000
0.000000
0.000000
0.000000
0.000000
0.000000
0.000000
0.000000
0.000000
0.000000
0.000000
0.000000
0.000000
0.000000
0.000000
0.000000
0.000000
0.000000
0.000000
0.000000
0.000000
0.000000
0.000000
0.000000
0.000000
0.000000
0.000000
0.000000
0.000000
0.000000
0.000000
0.000000
0.000000
0.000000
0.000000
0.000000
0.000000
0.000000
0.000000
0.000000
0.000000
0.000000
0.000000
0.000000
0.000000
0.000000
0.000000
0.000000
0.000000
0.000000
0.000000
0.000000
0.000000
0.000000
0.000000
0.000000
0.000000
0.000000
0.000000
0.000000
0.000000
0.000000
0.000000
0.000000
0.000000
0.000000
0.000000
0.000000
0.000000
0.000000
0.000000
0.000000
0.000000
0.000000
0.000000
0.000000
0.000000
0.000000
0.000000
0.000000
0.000000
0.000000
0.000000
0.000000
0.000000
0.000000
0.000000
0.000000
0.000000
0.000000
0.000000
0.000000
0.000000
0.000000
0.000000
0.000000
0.000000
0.000000
0.000000
0.000000
0.000000
0.000000
0.000000
0.000000
0.000000
0.000000
0.000000
0.000000
0.000000
0.000000
0.000000
0.000000
0.000000
0.000000
0.000000
0.000000
0.000000
0.000000
0.000000
0.000000
0.000000
0.000000
0.000000
0.000000
0.000000
0.000000
0.000000
0.000000
0.000000
0.000000
0.000000
0.000000
0.000000
0.000000
0.000000
0.000000
0.000000
0.000000
0.000000
0.000000
0.000000
0.000000
0.000000
0.000000
0.000000
0.000000
0.000000
0.000000
0.000000
0.000000
0.000000
0.000000
0.000000
0.000000
0.000000
0.000000
0.000000
0.000000
0.000000
0.000000
0.000000
0.000000
0.000000
0.000000
0.000000
0.000000
0.000000
0.000000
0.000000
0.000000
0.000000
0.000000
0.000000
0.000000
0.000000
0.000000
0.000000
0.000000
0.000000
0.000000
0.000000
0.000000
0.000000
0.000000
0.000000
0.000000
0.000000
0.000000
0.000000
0.000000
0.000000
0.000000
0.000000
0.000000
0.000000
0.000000
0.000000
0.000000
0.000000
0.000000
0.000000
0.000000
0.000000
0.000000
0.000000
0.000000
0.000000
0.000000
0.000000
0.000000
0.000000
0.000000
0.000000
0.000000
0.000000
0.000000
0.000000
0.000000
0.000000
0.000000
0.000000
0.000000
0.000000
0.000000
0.000000
0.000000
0.000000
0.000000
0.000000
0.000000
0.000000
0.000000
0.000000
0.000000
0.000000
0.000000
0.000000
0.000000
0.000000
0.000000
0.000000
0.000000
0.000000
0.000000
0.000000
0.000000
0.000000
0.000000
0.000000
0.000000
0.000000
0.000000
0.000000
0.000000
0.000000
0.000000
0.000000
0.000000
0.000000
0.000000
0.000000
0.000000
0.000000
0.000000
0.000000
0.000000
0.000000
0.000000
0.000000
0.000000
0.000000
0.000000
0.000000
0.000000
0.000000
0.000000
0.000000
0.000000
0.000000
0.000000
0.000000
0.000000
0.000000
0.000000
0.000000
0.000000
0.000000
0.000000
0.000000
0.000000
0.000000
0.000000
0.000000
0.000000
0.000000
0.000000
0.000000
0.000000
0.000000
0.000000
0.000000
0.000000
0.000000
0.000000
0.000000
0.000000
0.000000
0.000000
0.000000
0.000000
0.000000
0.000000
0.000000
0.000000
0.000000
0.000000
0.000000
0.000000
0.000000
0.000000
0.000000
0.000000
0.000000
0.000000
0.000000
0.000000
0.000000
0.000000
0.000000
0.000000
0.000000
0.000000
0.000000
0.000000
0.000000
0.000000
0.000000
0.000000
0.000000
0.000000
0.000000
0.000000
0.000000
0.000000
0.000000
0.000000
0.000000
0.000000
0.000000
0.000000
0.000000
0.000000
0.000000
0.000000
0.000000
0.000000
0.000000
0.000000
0.000000
0.000000
0.000000
0.000000
0.000000
0.000000
0.000000
0.000000
0.000000
0.000000
0.000000
0.000000
0.000000
0.000000
0.000000
0.000000
0.000000
0.000000
0.000000
0.000000
0.000000
0.000000
0.000000
0.000000
0.000000
0.000000
0.000000
0.000000
0.000000
0.000000
0.000000
0.000000
0.000000
0.000000
0.000000
0.000000
0.000000
0.000000
0.000000
0.000000
0.000000
0.000000
0.000000
0.000000
0.000000
0.000000
0.000000
0.000000
0.000000
0.000000
0.000000
0.000000
0.000000
0.000000
0.000000
0.000000
0.000000
0.000000
0.000000
0.000000
0.000000
0.000000
0.000000
0.000000
0.000000
0.000000
0.000000
0.000000
0.000000
0.000000
0.000000
0.000000
0.000000
0.000000
0.000000
0.000000
0.000000
0.000000
0.000000
0.000000
0.000000
0.000000
0.000000
0.000000
0.000000
0.000000
0.000000
0.000000
0.000000
0.000000
0.000000
0.000000
0.000000
0.000000
0.000000
0.000000
0.000000
0.000000
0.000000
0.000000
0.000000
0.000000
0.000000
0.000000
0.000000
0.000000
0.000000
0.000000
0.000000
0.000000
0.000000
0.000000
0.000000
0.000000
0.000000
0.000000
0.000000
0.000000
0.000000
0.000000
0.000000
0.000000
0.000000
0.000000
0.000000
0.000000
0.000000
0.000000
0.000000
0.000000
0.000000
0.000000
0.000000
0.000000
0.000000
0.000000
0.000000
0.000000
0.000000
0.000000
0.000000
0.000000
0.000000
0.000000
0.000000
0.000000
0.000000
0.000000
0.000000
0.000000
0.000000
0.000000
0.000000
0.000000
0.000000
0.000000
0.000000
0.000000
0.000000
0.000000
0.000000
0.000000
0.000000
0.000000
0.000000
0.000000
0.000000
0.000000
0.000000
0.000000
0.000000
0.000000
0.000000
0.000000
0.000000
0.000000
0.000000
0.000000
0.000000
0.000000
0.000000
0.000000
0.000000
0.000000
0.000000
0.000000
0.000000
0.000000
0.000000
0.000000
0.000000
0.000000
0.000000
0.000000
0.000000
0.000000
0.000000
0.000000
0.000000
0.000000
0.000000
0.000000
0.000000
0.000000
0.000000
0.000000
0.000000
0.000000
0.000000
0.000000
0.000000
0.000000
0.000000
0.000000
0.000000
0.000000
0.000000
0.000000
0.000000
0.000000
0.000000
0.000000
0.000000
0.000000
0.000000
0.000000
0.000000
0.000000
0.000000
0.000000
0.000000
0.000000
0.000000
0.000000
0.000000
0.000000
0.000000
0.000000
0.000000
0.000000
0.000000
0.000000
0.000000
0.000000
0.000000
0.000000
0.000000
0.000000
0.000000
0.000000
0.000000
0.000000
0.000000
0.000000
0.000000
0.000000
0.000000
0.000000
0.000000
0.000000
0.000000
0.000000
0.000000
0.000000
0.000000
0.000000
0.000000
0.000000
0.000000
0.000000
0.000000
0.000000
0.000000
0.000000
0.000000
0.000000
0.000000
0.000000
0.000000
0.000000
0.000000
0.000000
0.000000
0.000000
0.000000
0.000000
0.000000
0.000000
0.000000
0.000000
0.000000
0.000000
0.000000
0.000000
0.000000
0.000000
0.000000
0.000000
0.000000
0.000000
0.000000
0.000000
0.000000
0.000000
0.000000
0.000000
0.000000
0.000000
0.000000
0.000000
0.000000
0.000000
0.000000
0.000000
0.000000
0.000000
0.000000
0.000000
0.000000
0.000000
0.000000
0.000000
0.000000
0.000000
0.000000
0.000000
0.000000
0.000000
0.000000
0.000000
0.000000
0.000000
0.000000
0.000000
0.000000
0.000000
0.000000
0.000000
0.000000
0.000000
0.000000
0.000000
0.000000
0.000000
0.000000
0.000000
0.000000
0.000000
0.000000
0.000000
0.000000
0.000000
0.000000
0.000000
0.000000
0.000000
0.000000
0.000000
0.000000
0.000000
0.000000
0.000000
0.000000
0.000000
0.000000
0.000000
0.000000
0.000000
0.000000
0.000000
0.000000
0.000000
0.000000
0.000000
0.000000
0.000000
0.000000
0.000000
0.000000
0.000000
0.000000
0.000000
0.000000
0.000000
0.000000
0.000000
0.000000
0.000000
0.000000
0.000000
0.000000
0.000000
0.000000
0.000000
0.000000
0.000000
0.000000
0.000000
0.000000
0.000000
0.000000
0.000000
0.000000
0.000000
0.000000
0.000000
0.000000
0.000000
0.000000
0.000000
0.000000
0.000000
0.000000
0.000000
0.000000
0.000000
0.000000
0.000000
0.000000
0.000000
0.000000
0.000000
0.000000
0.000000
0.000000
0.000000
0.000000
0.000000
0.000000
0.000000
0.000000
0.000000
0.000000
0.000000
0.000000
0.000000
0.000000
0.000000
0.000000
0.000000
0.000000
0.000000
0.000000
0.000000
0.000000
0.000000
0.000000
0.000000
0.000000
0.000000
0.000000
0.000000
0.000000
0.000000
0.000000
0.000000
0.000000
0.000000
0.000000
0.000000
0.000000
0.000000
0.000000
0.000000
0.000000
0.000000
0.000000
0.000000
0.000000
0.000000
0.000000
0.000000
0.000000
0.000000
0.000000
0.000000
0.000000
0.000000
0.000000
0.000000
0.000000
0.000000
0.000000
0.000000
0.000000
0.000000
0.000000
0.000000
0.000000
0.000000
0.000000
0.000000
0.000000
0.000000
0.000000
0.000000
0.000000
0.000000
0.000000
0.000000
0.000000
0.000000
0.000000
0.000000
0.000000
0.000000
0.000000
0.000000
0.000000
0.000000
0.000000
0.000000
0.000000
0.000000
0.000000
0.000000
0.000000
0.000000
0.000000
0.000000
0.000000
0.000000
0.000000
0.000000
0.000000
0.000000
0.000000
0.000000
0.000000
0.000000
0.000000
0.000000
0.000000
0.000000
0.000000
0.000000
0.000000
0.000000
0.000000
0.000000
0.000000
0.000000
0.000000
0.000000
0.000000
0.000000
0.000000
0.000000
0.000000
0.000000
0.000000
0.000000
0.000000
0.000000
0.000000
0.000000
0.000000
0.000000
0.000000
0.000000
0.000000
0.000000
0.000000
0.000000
0.000000
0.000000
0.000000
0.000000
0.000000
0.000000
0.000000
0.000000
0.000000
0.000000
0.000000
0.000000
0.000000
0.000000
0.000000
0.000000
0.000000
0.000000
0.000000
0.000000
0.000000
0.000000
0.000000
0.000000
0.000000
0.000000
0.000000
0.000000
0.000000
0.000000
0.000000
0.000000
0.000000
0.000000
0.000000
0.000000
0.000000
0.000000
0.000000
0.000000
0.000000
0.000000
0.000000
0.000000
0.000000
0.000000
0.000000
0.000000
0.000000
0.000000
0.000000
0.000000
0.000000
0.000000
0.000000
0.000000
0.000000
0.000000
0.000000
0.000000
0.000000
0.000000
0.000000
0.000000
0.000000
0.000000
0.000000
0.000000
0.000000
0.000000
0.000000
0.000000
0.000000
0.000000
0.000000
0.000000
0.000000
0.000000
0.000000
0.000000
0.000000
0.000000
0.000000
0.000000
0.000000
0.000000
0.000000
0.000000
0.000000
0.000000
0.000000
0.000000
0.000000
0.000000
0.000000
0.000000
0.000000
0.000000
0.000000
0.000000
0.000000
0.000000
0.000000
0.000000
0.000000
0.000000
0.000000
0.000000
0.000000
0.000000
0.000000
0.000000
0.000000
0.000000
0.000000
0.000000
0.000000
0.000000
0.000000
0.000000
0.000000
0.000000
0.000000
0.000000
0.000000
0.000000
0.000000
0.000000
0.000000
0.000000
0.000000
0.000000
0.000000
0.000000
0.000000
0.000000
0.000000
0.000000
0.000000
0.000000
0.000000
0.000000
0.000000
0.000000
0.000000
0.000000
0.000000
0.000000
0.000000
0.000000
0.000000
0.000000
0.000000
0.000000
0.000000
0.000000
0.000000
0.000000
0.000000
0.000000
0.000000
0.000000
0.000000
0.000000
0.000000
0.000000
0.000000
0.000000
0.000000
0.000000
0.000000
0.000000
0.000000
0.000000
0.000000
0.000000
0.000000
0.000000
0.000000
0.000000
0.000000
0.000000
0.000000
0.000000
0.000000
0.000000
0.000000
0.000000
0.000000
0.000000
0.000000
0.000000
0.000000
0.000000
0.000000
0.000000
0.000000
0.000000
0.000000
0.000000
0.000000
0.000000
0.000000
0.000000
0.000000
0.000000
0.000000
0.000000
0.000000
0.000000
0.000000
0.000000
0.000000
0.000000
0.000000
0.000000
0.000000
0.000000
0.000000
0.000000
0.000000
0.000000
0.000000
0.000000
0.000000
0.000000
0.000000
0.000000
0.000000
0.000000
0.000000
0.000000
0.000000
0.000000
0.000000
0.000000
0.000000
0.000000
0.000000
0.000000
0.000000
0.000000
0.000000
0.000000
0.000000
0.000000
0.000000
0.000000
0.000000
0.000000
0.000000
0.000000
0.000000
0.000000
0.000000
0.000000
0.000000
0.000000
0.000000
0.000000
0.000000
0.000000
0.000000
0.000000
0.000000
0.000000
0.000000
0.000000
0.000000
0.000000
0.000000
0.000000
0.000000
0.000000
0.000000
0.000000
0.000000
0.000000
0.000000
0.000000
0.000000
0.000000
0.000000
0.000000
0.000000
0.000000
0.000000
0.000000
0.000000
0.000000
0.000000
0.000000
0.000000
0.000000
0.000000
0.000000
0.000000
0.000000
0.000000
0.000000
0.000000
0.000000
0.000000
0.000000
0.000000
0.000000
0.000000
0.000000
0.000000
0.000000
0.000000
0.000000
0.000000
0.000000
0.000000
0.000000
0.000000
0.000000
0.000000
0.000000
0.000000
0.000000
0.000000
0.000000
0.000000
0.000000
0.000000
0.000000
0.000000
0.000000
0.000000
0.000000
0.000000
0.000000
0.000000
0.000000
0.000000
0.000000
0.000000
0.000000
0.000000
0.000000
0.000000
0.000000
0.000000
0.000000
0.000000
0.000000
0.000000
0.000000
0.000000
0.000000
0.000000
0.000000
0.000000
0.000000
0.000000
0.000000
0.000000
0.000000
0.000000
0.000000
0.000000
0.000000
0.000000
0.000000
0.000000
0.000000
0.000000
0.000000
0.000000
0.000000
0.000000
0.000000
0.000000
0.000000
0.000000
0.000000
0.000000
0.000000
0.000000
0.000000
0.000000
0.000000
0.000000
0.000000
0.000000
0.000000
0.000000
0.000000
0.000000
0.000000
0.000000
0.000000
0.000000
0.000000
0.000000
0.000000
0.000000
0.000000
0.000000
0.000000
0.000000
0.000000
0.000000
0.000000
0.000000
0.000000
0.000000
0.000000
0.000000
0.000000
0.000000
0.000000
0.000000
0.000000
0.000000
0.000000
0.000000
0.000000
0.000000
0.000000
0.000000
0.000000
0.000000
0.000000
0.000000
0.000000
0.000000
0.000000
0.000000
0.000000
0.000000
0.000000
0.000000
0.000000
0.000000
0.000000
0.000000
0.000000
0.000000
0.000000
0.000000
0.000000
0.000000
0.000000
0.000000
0.000000
0.000000
0.000000
0.000000
0.000000
0.000000
0.000000
0.000000
0.000000
0.000000
0.000000
0.000000
0.000000
0.000000
0.000000
0.000000
0.000000
0.000000
0.000000
0.000000
0.000000
0.000000
0.000000
0.000000
0.000000
0.000000
0.000000
0.000000
0.000000
0.000000
0.000000
0.000000
0.000000
0.000000
0.000000
0.000000
0.000000
0.000000
0.000000
0.000000
0.000000
0.000000
0.000000
0.000000
0.000000
0.000000
0.000000
0.000000
0.000000
0.000000
0.000000
0.000000
0.000000
0.000000
0.000000
0.000000
0.000000
0.000000
0.000000
0.000000
0.000000
0.000000
0.000000
0.000000
0.000000
0.000000
0.000000
0.000000
0.000000
0.000000
0.000000
0.000000
0.000000
0.000000
0.000000
0.000000
0.000000
0.000000
0.000000
0.000000
0.000000
0.000000
0.000000
0.000000
0.000000
0.000000
0.000000
0.000000
0.000000
0.000000
0.000000
0.000000
0.000000
0.000000
0.000000
0.000000
0.000000
0.000000
0.000000
0.000000
0.000000
0.000000
0.000000
0.000000
0.000000
0.000000
0.000000
0.000000
0.000000
0.000000
0.000000
0.000000
0.000000
0.000000
0.000000
0.000000
0.000000
0.000000
0.000000
0.000000
0.000000
0.000000
0.000000
0.000000
0.000000
0.000000
0.000000
0.000000
0.000000
0.000000
0.000000
0.000000
0.000000
0.000000
0.000000
0.000000
0.000000
0.000000
0.000000
0.000000
0.000000
0.000000
0.000000
0.000000
0.000000
0.000000
0.000000
0.000000
0.000000
0.000000
0.000000
0.000000
0.000000
0.000000
0.000000
0.000000
0.000000
0.000000
0.000000
0.000000
0.000000
0.000000
0.000000
0.000000
0.000000
0.000000
0.000000
0.000000
0.000000
0.000000
0.000000
0.000000
0.000000
0.000000
0.000000
0.000000
0.000000
0.000000
0.000000
0.000000
0.000000
0.000000
0.000000
0.000000
0.000000
0.000000
0.000000
0.000000
0.000000
0.000000
0.000000
0.000000
0.000000
0.000000
0.000000
0.000000
0.000000
0.000000
0.000000
0.000000
0.000000
0.000000
0.000000
0.000000
0.000000
0.000000
0.000000
0.000000
0.000000
0.000000
0.000000
0.000000
0.000000
0.000000
0.000000
0.000000
0.000000
0.000000
0.000000
0.000000
0.000000
0.000000
0.000000
0.000000
0.000000
0.000000
0.000000
0.000000
0.000000
0.000000
0.000000
0.000000
0.000000
0.000000
0.000000
0.000000
0.000000
0.000000
0.000000
0.000000
0.000000
0.000000
0.000000
0.000000
0.000000
0.000000
0.000000
0.000000
0.000000
0.000000
0.000000
0.000000
0.000000
0.000000
0.000000
0.000000
0.000000
0.000000
0.000000
0.000000
0.000000
0.000000
0.000000
0.000000
0.000000
0.000000
0.000000
0.000000
0.000000
0.000000
0.000000
0.000000
0.000000
0.000000
0.000000
0.000000
0.000000
0.000000
0.000000
0.000000
0.000000
0.000000
0.000000
0.000000
0.000000
0.000000
0.000000
0.000000
0.000000
0.000000
0.000000
0.000000
0.000000
0.000000
0.000000
0.000000
0.000000
0.000000
0.000000
0.000000
0.000000
0.000000
0.000000
0.000000
0.000000
0.000000
0.000000
0.000000
0.000000
0.000000
0.000000
0.000000
0.000000
0.000000
0.000000
0.000000
0.000000
0.000000
0.000000
0.000000
0.000000
0.000000
0.000000
0.000000
0.000000
0.000000
0.000000
0.000000
0.000000
0.000000
0.000000
0.000000
0.000000
0.000000
0.000000
0.000000
0.000000
0.000000
0.000000
0.000000
0.000000
0.000000
0.000000
0.000000
0.000000
0.000000
0.000000
0.000000
0.000000
0.000000
0.000000
0.000000
0.000000
0.000000
0.000000
0.000000
0.000000
0.000000
0.000000
0.000000
0.000000
0.000000
0.000000
0.000000
0.000000
0.000000
0.000000
0.000000
0.000000
0.000000
0.000000
0.000000
0.000000
0.000000
0.000000
0.000000
0.000000
0.000000
0.000000
0.000000
0.000000
0.000000
0.000000
0.000000
0.000000
0.000000
0.000000
0.000000
0.000000
0.000000
0.000000
0.000000
0.000000
0.000000
0.000000
0.000000
0.000000
0.000000
0.000000
0.000000
0.000000
0.000000
0.000000
0.000000
0.000000
0.000000
0.000000
0.000000
0.000000
0.000000
0.000000
0.000000
0.000000
0.000000
0.000000
0.000000
0.000000
0.000000
0.000000
0.000000
0.000000
0.000000
0.000000
0.000000
0.000000
0.000000
0.000000
0.000000
0.000000
0.000000
0.000000
0.000000
0.000000
0.000000
0.000000
0.000000
0.000000
0.000000
0.000000
0.000000
0.000000
0.000000
0.000000
0.000000
0.000000
0.000000
0.000000
0.000000
0.000000
0.000000
0.000000
0.000000
0.000000
0.000000
0.000000
0.000000
0.000000
0.000000
0.000000
0.000000
0.000000
0.000000
0.000000
0.000000
0.000000
0.000000
0.000000
0.000000
0.000000
0.000000
0.000000
0.000000
0.000000
0.000000
0.000000
0.000000
0.000000
0.000000
0.000000
0.000000
0.000000
0.000000
0.000000
0.000000
0.000000
0.000000
0.000000
0.000000
0.000000
0.000000
0.000000
0.000000
0.000000
0.000000
0.000000
0.000000
0.000000
0.000000
0.000000
0.000000
0.000000
0.000000
0.000000
0.000000
0.000000
0.000000
0.000000
0.000000
0.000000
0.000000
0.000000
0.000000
0.000000
0.000000
0.000000
0.000000
0.000000
0.000000
0.000000
0.000000
0.000000
0.000000
0.000000
0.000000
0.000000
0.000000
0.000000
0.000000
0.000000
0.000000
0.000000
0.000000
0.000000
0.000000
0.000000
0.000000
0.000000
0.000000
0.000000
0.000000
0.000000
0.000000
0.000000
0.000000
0.000000
0.000000
0.000000
0.000000
0.000000
0.000000
0.000000
0.000000
0.000000
0.000000
0.000000
0.000000
0.000000
0.000000
0.000000
0.000000
0.000000
0.000000
0.000000
0.000000
0.000000
0.000000
0.000000
0.000000
0.000000
0.000000
0.000000
0.000000
0.000000
0.000000
0.000000
0.000000
0.000000
0.000000
0.000000
0.000000
0.000000
0.000000
0.000000
0.000000
0.000000
0.000000
0.000000
0.000000
0.000000
0.000000
0.000000
0.000000
0.000000
0.000000
0.000000
0.000000
0.000000
0.000000
0.000000
0.000000
0.000000
0.000000
0.000000
0.000000
0.000000
0.000000
0.000000
0.000000
0.000000
0.000000
0.000000
0.000000
0.000000
0.000000
0.000000
0.000000
0.000000
0.000000
0.000000
0.000000
0.000000
0.000000
0.000000
0.000000
0.000000
0.000000
0.000000
0.000000
0.000000
0.000000
0.000000
0.000000
0.000000
0.000000
0.000000
0.000000
0.000000
0.000000
0.000000
0.000000
0.000000
0.000000
0.000000
0.000000
0.000000
0.000000
0.000000
0.000000
0.000000
0.000000
0.000000
0.000000
0.000000
0.000000
0.000000
0.000000
0.000000
0.000000
0.000000
0.000000
0.000000
0.000000
0.000000
0.000000
0.000000
0.000000
0.000000
0.000000
0.000000
0.000000
0.000000
0.000000
0.000000
0.000000
0.000000
0.000000
0.000000
0.000000
0.000000
0.000000
0.000000
0.000000
0.000000
0.000000
0.000000
0.000000
0.000000
0.000000
0.000000
0.000000
0.000000
0.000000
0.000000
0.000000
0.000000
0.000000
0.000000
0.000000
0.000000
0.000000
0.000000
0.000000
0.000000
0.000000
0.000000
0.000000
0.000000
0.000000
0.000000
0.000000
0.000000
0.000000
0.000000
0.000000
0.000000
0.000000
0.000000
0.000000
0.000000
0.000000
0.000000
0.000000
0.000000
0.000000
0.000000
0.000000
0.000000
0.000000
0.000000
0.000000
0.000000
0.000000
0.000000
0.000000
0.000000
0.000000
0.000000
0.000000
0.000000
0.000000
0.000000
0.000000
0.000000
0.000000
0.000000
0.000000
0.000000
0.000000
0.000000
0.000000
0.000000
0.000000
0.000000
0.000000
0.000000
0.000000
0.000000
0.000000
0.000000
0.000000
0.000000
0.000000
0.000000
0.000000
0.000000
0.000000
0.000000
0.000000
0.000000
0.000000
0.000000
0.000000
0.000000
0.000000
0.000000
0.000000
0.000000
0.000000
0.000000
0.000000
0.000000
0.000000
0.000000
0.000000
0.000000
0.000000
0.000000
0.000000
0.000000
0.000000
0.000000
0.000000
0.000000
0.000000
0.000000
0.000000
0.000000
0.000000
0.000000
0.000000
0.000000
0.000000
0.000000
0.000000
0.000000
0.000000
