-276.000000
-830.000000
3000.000000
1340.000000
1260.000000
4150.000000
0.000000
1780.000000
11070.000000
8230.000000
5220.000000
3370.000000
-7570.000000
7400.000000
7470.000000
4190.000000
10390.000000
3900.000000
-7700.000000
-4540.000000
-5970.000000
-5520.000000
-5860.000000
-6100.000000
-4610.000000
2180.000000
-3950.000000
4740.000000
-4130.000000
410.000000
-4300.000000
2940.000000
-4660.000000
980.000000
-5630.000000
5560.000000
2180.000000
3760.000000
2000.000000
-190.000000
4090.000000
2820.000000
-1840.000000
-980.000000
-500.000000
-3430.000000
230.000000
-830.000000
1120.000000
-210.000000
-860.000000
2300.000000
-2170.000000
-870.000000
-2660.000000
640.000000
-640.000000
2040.000000
2330.000000
120.000000
490.000000
-1730.000000
2380.000000
-870.000000
1670.000000
-1680.000000
-1050.000000
190.000000
-2130.000000
-780.000000
-900.000000
380.000000
-1220.000000
1184.000000
1060.000000
40.000000
-30.000000
-1350.000000
-1295.000000
-1220.000000
-1436.000000
1169.000000
194.000000
968.000000
1200.000000
442.000000
-9.000000
-952.000000
594.000000
-735.000000
-125.000000
-212.000000
-584.000000
-416.000000
-249.000000
-316.000000
-119.000000
102.000000
-313.000000
259.000000
-518.000000
-800.000000
64.000000
-407.000000
278.000000
-131.000000
236.000000
-122.000000
477.000000
-128.000000
485.000000
-166.000000
259.000000
-404.000000
386.000000
464.000000
-204.000000
-153.000000
115.000000
-187.000000
303.000000
88.000000
-60.000000
-47.200000
-84.300000
-99.600000
-30.200000
-83.900000
-72.100000
-63.900000
43.300000
-31.900000
10.800000
-23.200000
-13.300000
-13.000000
9.800000
-8.300000
1.850000
9.380000
3.770000
6.420000
7.100000
1.650000
2.810000
-2.250000
-0.850000
-1.800000
0.200000
2.150000
-1.080000
2.060000
-0.500000
-0.250000
-1.920000
0.783000
0.244000
-0.039000
-0.428000
-0.071000
0.434000
0.364000
0.600000
-0.304000
-0.264000
0.280000
-0.229000
-0.007000
-0.013000
0.014000
-0.249000
0.066000
0.084000
-0.137000
0.061900
0.090000
-0.090400
0.078500
0.020100
-0.070900
-0.018800
-0.080700
-0.086700
-0.008800
0.012200
-0.025300
-0.005200
-0.020100
-0.022200
-0.018700
0.013200
0.015700
0.003100
0.011300
0.022500
-0.008700
-0.009300
0.015400
-0.000900
0.004000
-0.008600
0.012900
0.012400
-0.011200
0.008400
0.009800
-0.008660
-0.007100
0.006580
-0.013100
-0.004730
0.007500
-0.000900
0.000700
0.003400
0.004700
0.010500
-0.007100
0.010900
0.010630
0.005370
-0.008230
0.002680
-0.006300
-0.002500
0.003770
-0.000200
0.006100
-0.010900
0.004360
0.009200
-0.000160
-0.001260
-0.005570
-0.004800
-0.010800
-0.003110
0.010180
-0.004300
-0.005420
0.009100
0.000440
-0.003160
-0.009800
-0.004590
-0.007310
0.005570
0.010360
0.000360
-0.004290
-0.007830
-0.006950
0.009520
-0.010650
0.005030
-0.010230
-0.003630
-0.011340
-0.005090
-0.010730
-0.005950
-0.000360
0.000040
0.001940
0.002050
0.010010
0.001120
0.007690
0.009220
0.009460
-0.004620
-0.003060
0.000570
0.000830
0.000630
-0.001110
0.000760
0.005430
0.006800
0.002780
-0.006080
-0.007040
0.004450
-0.006430
0.006980
-0.006150
-0.008580
-0.008440
-0.005720
0.002380
0.007860
-0.000620
-0.005020
-0.007240
-0.005000
0.006080
0.006270
-0.007300
-0.005790
-0.004170
0.005390
0.004260
-0.003930
0.004500
-0.002470
0.003690
0.003140
0.001000
0.002690
-0.004870
-0.003450
-0.006970
0.004390
-0.006820
-0.004970
0.001650
0.007840
0.001770
0.007390
-0.003580
-0.003200
0.008090
0.001770
