-2482.000000
4130.000000
-9223.000000
-276.000000
-12060.000000
-830.000000
8386.000000
11380.000000
8694.000000
-10450.000000
2670.000000
17450.000000
-10030.000000
9110.000000
24530.000000
11510.000000
-29690.000000
-23150.000000
-15950.000000
18560.000000
-7710.000000
13360.000000
-64890.000000
14480.000000
3000.000000
-45220.000000
50600.000000
18610.000000
-14940.000000
-25130.000000
-16550.000000
-33920.000000
18850.000000
35550.000000
13390.000000
-22699.980469
-24600.000000
53510.000000
39670.000000
20200.000000
22530.000000
17300.000000
-35260.000000
-11400.000000
13720.000000
-6750.000000
-29130.000000
70300.000000
44400.000000
49100.000000
-15770.000000
43860.000000
1340.000000
-61900.000000
-28950.000000
43280.000000
-35970.000000
5410.000000
-13760.000000
-8980.000000
2420.000000
-11900.000000
-1310.000000
31620.000000
1260.000000
-35800.000000
19610.000000
7010.000000
-6590.000000
19100.000000
11560.000000
-3800.000000
-15300.000000
-4210.000000
-36190.000000
15820.000000
-42200.000000
-15800.000000
13050.000000
59540.000000
-19550.000000
94320.000000
104100.000000
-68510.000000
49800.000000
-64840.000000
4150.000000
-38000.000000
40100.000000
-24260.000000
64280.000000
62660.000000
0.000000
-79560.000000
135700.000000
-104180.000000
-29190.000000
61090.000000
71060.000000
-36800.000000
87210.000000
97420.000000
-64770.000000
-74600.000000
19830.000000
19400.000000
-10600.000000
-57600.000000
23230.000000
63200.000000
-34100.000000
-49660.000000
50590.000000
12600.000000
51300.000000
-90750.000000
-108300.000000
44700.000000
-110100.000000
37730.000000
65510.000000
-80090.000000
65500.000000
81100.000000
60300.000000
122600.000000
1780.000000
-72360.000000
-22600.000000
-36940.000000
-23490.000000
115100.000000
11070.000000
-93300.000000
-51210.000000
-76500.000000
-92780.000000
-29560.000000
-10460.031250
-122430.000000
-119000.000000
-68900.000000
116550.000000
24439.980469
13700.000000
83900.000000
19300.000000
31960.000000
53600.000000
-113500.000000
8230.000000
5220.000000
19300.000000
83540.000000
78810.000000
95340.000000
53100.000000
101800.000000
-34660.000000
107940.000000
-107500.000000
-40200.000000
29170.000000
45060.000000
64900.000000
13960.000000
81450.000000
-41720.000000
-86620.000000
72880.000000
-33100.000000
-95830.000000
82590.000000
-46600.000000
-41630.000000
-90479.984375
-62170.046875
134990.000000
30900.000000
-49420.000000
-91590.000000
-116110.000000
-54200.000000
-132420.000000
-106119.953125
-80900.000000
-24960.000000
68800.000000
-86300.000000
98530.000000
137510.000000
-132300.000000
21080.000000
-89440.000000
-89170.000000
115100.000000
-26500.000000
13660.000000
34100.031250
15220.000000
-52050.000000
-104110.000000
44750.000000
3370.000000
75980.000000
-64930.000000
-7570.000000
43890.000000
7400.000000
-60720.000000
7470.000000
4190.000000
56940.000000
83810.000000
16140.000000
-28220.000000
97490.000000
10390.000000
72970.000000
3900.000000
87990.000000
24130.000000
-22810.000000
80370.000000
103080.000000
-77630.000000
-76730.000000
-82970.000000
-7700.000000
88050.000000
69790.000000
-4540.000000
-5970.000000
-5520.000000
-22020.062500
-73990.000000
41240.000000
49070.000000
15360.000000
-48870.000000
32040.000000
24790.000000
-70910.000000
-85900.000000
-26320.000000
50260.000000
89040.000000
15090.000000
115110.000000
84510.000000
115760.000000
-104020.000000
-12060.000000
87810.000000
38350.000000
73850.000000
-13140.000000
61190.000000
-40500.000000
-54890.000000
121120.000000
-46069.921875
49660.000000
68250.000000
-99300.054688
-107010.000000
12990.000000
-69040.000000
-42070.000000
65950.000000
-32890.000000
82390.000000
13580.000000
-38400.000000
-59230.000000
-77289.937500
-59849.953125
-60070.000000
37910.000000
-91340.000000
-89800.000000
-32750.000000
87670.000000
-116380.000000
-69480.000000
-58100.000000
-35110.000000
-37300.000000
-77780.000000
62730.000000
69950.000000
-75380.000000
-41269.980469
-29230.000000
-34070.000000
42970.000000
33050.000000
-23380.000000
21550.000000
-5860.000000
22520.000000
80900.000000
37030.000000
-38050.000000
63770.000000
61660.000000
-54630.000000
-45370.000000
46550.000000
24270.000000
-68140.000000
45520.000000
-43860.000000
58720.000000
32070.000000
-35020.000000
36519.921875
-35710.000000
-78510.000000
-6100.000000
29660.000000
-71650.000000
-58420.000000
-37740.000000
-90900.000000
66320.000000
-66550.000000
55180.000000
11810.078125
65630.000000
-63700.000000
65210.000000
12960.000000
-77590.000000
-23850.000000
-76920.000000
-25860.000000
43950.000000
34850.000000
53680.000000
61480.000000
41910.000000
-52010.000000
-9620.000000
85160.000000
-81350.000000
56470.000000
63460.000000
11080.000000
-4610.000000
43520.000000
-57770.000000
-9860.000000
77970.000000
72560.000000
61550.000000
-24570.000000
59000.000000
-50900.000000
41080.000000
-30650.000000
65930.000000
-56920.000000
28700.000000
12990.000000
11880.000000
-41500.027344
-62790.000000
2180.000000
-69710.000000
-19780.000000
-3950.000000
-57760.000000
-16770.000000
66330.000000
77500.000000
-67780.070312
30140.000000
46820.000000
15450.000000
-56460.000000
57880.000000
52750.000000
4740.000000
42490.000000
-32540.027344
-4130.000000
31340.000000
38480.000000
10630.000000
36150.000000
22880.000000
-47400.000000
410.000000
-60490.000000
46580.000000
25380.000000
-16920.000000
-4300.000000
-37670.000000
-26950.000000
21850.000000
-17130.000000
13750.000000
-32540.000000
30910.000000
24250.000000
-18410.000000
-64780.000000
10020.000000
-44540.000000
17620.000000
50030.000000
-58330.000000
12759.976562
37260.000000
7870.000000
-28710.000000
-47700.000000
-49520.000000
-58430.000000
-16090.000000
41760.000000
-53480.000000
31620.000000
-32900.000000
2940.000000
11700.000000
30319.984375
-46340.000000
33280.000000
-4660.000000
60450.000000
35730.000000
15450.000000
980.000000
-32590.000000
38210.000000
-52940.000000
-46710.000000
57070.000000
-39880.000000
-5630.000000
-16540.000000
10770.000000
-26760.000000
23770.000000
5560.000000
18130.000000
39310.000000
19730.000000
10570.000000
2180.000000
19040.000000
-19409.945312
11720.000000
39630.000000
-41380.000000
35230.000000
-31530.000000
45680.000000
8490.000000
-19830.000000
28950.000000
-24930.000000
-44829.988281
14290.000000
12550.000000
-21450.000000
33240.000000
-22870.000000
-38880.000000
-25360.000000
3760.000000
-15390.000000
-44960.000000
-29100.000000
2000.000000
-190.000000
39010.000000
4090.000000
-23350.000000
-17990.000000
33830.000000
27270.000000
2820.000000
41810.000000
-27760.000000
-47100.000000
25780.000000
11650.000000
24620.000000
-34440.000000
12550.000000
5000.000000
-20000.000000
16070.000000
19210.000000
36670.000000
-27770.000000
-37800.000000
-1840.000000
-11930.000000
17210.000000
-5240.000000
-37000.000000
16010.000000
27870.000000
-980.000000
-39730.000000
-25060.000000
-22650.000000
18260.000000
-8900.000000
25409.984375
29900.000000
31230.000000
-500.000000
-12950.000000
10960.000000
-3430.000000
-36380.000000
-22920.000000
4400.000000
25739.976562
-27060.000000
27560.000000
-17560.000000
24240.000000
-15150.000000
15280.000000
-4400.000000
13890.000000
28280.000000
24659.998047
6850.000000
-22910.000000
26690.000000
-30800.000000
17110.000000
23340.000000
19570.000000
-34230.000000
7090.000000
32280.000000
-15590.000000
-15790.000000
28590.000000
-5750.000000
230.000000
-19000.000000
31370.000000
30960.000000
13880.000000
10370.000000
-9780.000000
17050.000000
-12600.000000
-830.000000
18460.000000
-14340.000000
1120.000000
-26660.000000
-29610.000000
-210.000000
4820.000000
-21270.000000
-17640.000000
-860.000000
-11780.000000
25330.000000
2300.000000
29260.000000
10210.000000
24060.000000
-2170.000000
28420.000000
15010.000000
-13980.000000
-12790.000000
-870.000000
-35600.000000
-2660.000000
6570.000000
12240.000000
-17360.000000
640.000000
30560.000000
-23940.000000
22470.000000
24420.000000
-30420.000000
-10080.000000
-8740.000000
-12490.000000
-6160.000000
-640.000000
13570.000000
-4260.000000
-17980.000000
-16730.000000
-14080.000000
16400.000000
8830.000000
12200.000000
12720.000000
-12450.000000
2040.000000
-9700.000000
-5400.000000
-15200.000000
2330.000000
120.000000
-20860.000000
-11780.000000
-7360.000000
18470.000000
17030.010742
20230.000000
490.000000
-1730.000000
2380.000000
-5420.000000
-10970.000000
-6790.000000
-10050.000000
28280.007812
-24030.000000
-18990.000000
22490.000000
16120.000000
26150.000000
-7190.000000
18740.000000
-15660.000000
5220.000000
9950.000000
-13429.998047
19100.000000
7540.000000
-3510.000000
5840.000000
13100.000000
25400.000000
16200.000000
15930.000000
17240.000000
-870.000000
-25100.000000
4720.000000
-20130.000000
-21820.000000
-12830.000000
1670.000000
6600.000000
-15740.000000
12720.000000
-13850.000000
-1680.000000
8860.000000
-9760.000000
13650.000000
-6360.000000
14460.000000
13160.000000
-1050.000000
190.000000
8980.000000
4540.000000
9700.000000
-2130.000000
17050.000000
-15380.000000
-20640.000000
6640.000000
19329.992188
10640.000000
17240.000000
19540.000000
-9850.015625
-780.000000
2330.000000
6380.000000
-10570.000000
19990.000000
16890.000000
9740.000000
-6930.000000
7600.000000
-9230.000000
17740.000000
-11800.000000
-10650.000000
-4620.000000
16710.000000
16250.000000
-17960.000000
4830.000000
3500.000000
7680.000000
9780.000000
16230.000000
-900.000000
7760.000000
-16250.000000
2819.992188
6980.000000
2260.000000
-13600.000000
-6870.000000
-4560.000000
-17380.000000
380.000000
-1220.000000
-6590.000000
7230.000000
5825.000000
-10540.000000
7510.000000
1184.001953
-5170.000000
9270.000000
2400.000000
-14140.009766
-17760.000000
-15329.982422
5110.000000
13250.000000
8430.000000
1060.000000
12310.000000
-5120.000000
9860.000000
7230.000000
15010.000000
-12343.000000
13490.000000
14640.000000
-9801.000000
-11430.000000
12305.000000
8670.000000
-6961.000000
-14190.000000
2750.000000
10240.000000
12374.000000
-6210.000000
-4900.000000
40.000000
-15058.000000
-11291.000000
-16230.000000
-30.000000
11200.000000
1890.000000
15285.000000
-1647.000000
-1350.000000
-5759.000000
12550.000000
-8381.000000
-13189.000000
5300.000000
2152.000000
1780.000000
-10860.000000
4027.008789
3310.000000
-11800.006836
-5650.000000
-7206.000000
-1295.000000
5055.000000
-9464.000000
-1220.000000
7140.004883
3255.000000
-14048.000000
7582.000000
8405.001953
-1436.000000
1169.000000
13553.000000
2515.000000
-10634.000000
-6762.000000
194.000000
-10996.003418
4949.000000
-4105.997559
5536.000000
11990.000000
6054.000000
-12610.000000
-3180.000000
12528.000000
-9902.000000
-6122.000000
2905.000000
968.000000
1200.000000
-8104.000000
9465.000000
-2430.000000
11029.000000
-5374.000000
1426.000000
10012.000000
7401.000000
-10357.000000
2283.000000
6420.000000
-4548.003906
-7932.000000
-12491.000000
-11929.000000
12715.000000
6890.000000
-4780.000000
10246.000000
-11127.000000
9777.000000
-2788.000000
-7219.000000
-10362.997070
-10030.000000
4090.000000
442.000000
-6638.000000
7143.000000
3340.000000
-5726.000000
6784.000000
-5860.992188
8287.000000
-2436.000000
-2421.000000
6898.000000
-8078.000000
-7448.000000
-7579.000000
-6669.000000
-8518.000000
-1388.000000
-9.000000
1793.000000
5112.000000
-2760.000000
4048.000000
-1967.000000
-10278.000000
10449.000000
-6765.000000
8855.000000
-952.000000
594.000000
-9325.000000
8872.000000
1562.000000
4928.000000
-3833.000000
8333.000000
-7858.000000
5729.005859
2400.000000
-11199.000000
7573.000000
8736.000000
9543.000000
-10164.000000
9101.000000
-6185.000000
-1151.000000
-1208.000000
-735.000000
9896.000000
-3473.000000
-5201.000000
-125.000000
-9382.000000
-212.000000
-584.000000
-7699.000000
8509.000488
1528.000000
-9048.000000
3444.000000
-1045.002197
-6888.000000
2487.001953
3394.000000
1838.000000
-4689.000000
-5141.000000
-7510.000000
-416.000000
-7934.000000
-249.000000
3582.000000
-8702.000000
3617.000000
-5101.000000
-5096.000000
7909.000000
4850.000000
1451.000000
-5044.000000
-316.000000
-3369.000000
4255.000000
1406.000000
-3897.000000
1577.000000
4248.999023
-3305.000000
1870.000000
-4835.000000
-119.000000
6612.000000
9212.000000
-3227.000000
3927.000000
-6662.000000
2642.000000
-5207.000000
-4571.000000
3956.000000
102.000000
-2780.000000
-4587.000000
-3121.000000
-4431.000000
6082.000000
1906.000000
-3242.000000
7314.000000
5872.000977
6906.000000
-4428.000000
973.000000
4331.000000
6940.000000
-892.000000
-6811.000000
-4781.000000
5076.000000
2672.000000
-5600.000000
-9189.000000
6172.000000
-6373.000000
-1835.000000
-313.000000
-4946.997559
1409.000000
-1572.000000
1822.000000
-5463.000000
-2971.000000
5356.000000
3649.000000
-4089.000000
4261.000000
1520.000000
-2968.000000
4543.000000
-1610.000000
3442.000000
5815.000000
6083.000000
-6963.000000
-1866.000000
2272.000000
-4122.000000
1922.000000
-5980.000000
5195.000000
2585.000000
4845.000000
4272.000000
-1511.997559
3761.000000
866.000000
-6722.000000
2562.000000
259.000000
5744.000000
-3385.000000
-518.000000
6026.000000
5914.000000
-6119.000000
3407.000000
-800.000000
-3641.000000
2885.000000
1385.000000
-6297.000000
64.000000
-407.000000
-3529.000000
4876.000000
6067.993164
-4595.000000
278.000000
-2903.000000
5686.000000
-1294.000000
-4384.000000
3054.005371
-6299.000000
1213.998047
-3532.000000
-3640.000000
1221.000000
-6065.000000
-5404.003174
-6053.000000
-4323.000000
5556.000000
1172.000000
-6113.000000
-3045.000000
1302.000000
-131.000000
6206.000000
3238.000000
236.000000
-4200.000000
-2161.000000
2080.000000
-3940.000000
-2681.000000
1010.000000
-2986.000000
-4446.000000
1369.000000
-122.000000
1215.000000
1913.002441
6909.000000
477.000000
-5074.000000
1157.000000
5982.000000
-1141.000000
-3899.000000
-2962.000000
-1667.000000
4165.000000
-127.998047
5377.000000
-3584.000000
-3625.000000
-4004.000000
4393.000000
-3097.000000
6023.000000
619.000000
3181.000000
-3489.998047
-1092.000000
-2313.000000
3252.000000
3661.999512
-3935.000000
2704.000000
-4719.000000
-3525.999512
-672.000000
-1395.000000
4686.000000
4937.000000
1795.000000
-1589.000000
-878.000000
485.000000
-166.000000
-2289.000000
-5307.000000
5257.000000
259.000000
-3029.000000
-1862.000000
-4787.000000
4948.000000
4054.000000
4961.000000
1870.000000
613.000000
1769.000000
-2064.000000
2485.000000
-4262.000000
1686.000000
-404.000000
4801.000000
-5151.000000
-1876.000000
386.000000
4535.000000
-1474.000000
2120.000000
-2640.000000
-1810.000000
-3787.000000
464.000000
-4520.000000
-2386.000000
1000.000000
-4161.000000
-4537.000000
2376.000000
3251.000000
-3676.000000
-2960.000000
-4571.000000
-1832.000000
4263.000000
-204.000000
-2295.000000
574.000000
1144.000000
-1243.000000
-2675.000000
-153.000000
1965.000000
115.000000
560.000000
1007.000000
-4549.000000
1168.000000
2483.000000
-187.000000
3355.000000
808.000000
-2278.000000
2251.000000
-1503.000000
-742.000000
-2483.000000
-894.000000
2041.000000
2106.000000
2495.000000
-1916.000000
-399.000000
556.000000
3115.000000
784.000000
-2191.000000
-2190.000000
-2637.000000
3247.000000
1097.000000
-2934.000000
2899.000000
1643.000000
-2524.000000
-650.000000
-1638.000000
756.000000
3077.000000
-3093.000000
2580.000000
-1676.000000
-419.000000
303.000000
597.000000
88.000000
-753.000000
1448.000000
1071.000000
485.998779
1289.000000
-205.000000
2840.000000
-307.000000
-1110.000000
2387.000000
832.000000
-2191.000000
908.000000
-1644.000000
1076.000000
2016.000000
2343.000000
565.000000
-258.000000
1509.000000
-1376.000000
212.000000
1534.000000
1715.000000
-1736.000000
2055.000000
-60.000000
772.000000
-1644.000000
787.000000
-1113.000000
1668.000000
-208.000000
-2174.000000
528.000000
-752.000000
-1238.000000
-1138.000000
830.000000
-213.000000
-47.200000
416.000000
988.000000
1454.000000
316.000000
352.000000
898.000000
972.900000
-1315.600000
-1271.100000
1125.000000
454.000000
-1640.000000
1205.800000
-244.900000
417.000000
-1012.000000
738.000000
-1027.000000
-702.200000
-500.000000
210.200000
-222.200000
-84.300000
-695.000000
958.000000
-99.600000
-30.200000
729.700000
-1086.400000
942.900000
-1194.800000
-600.900000
-624.000000
655.200000
-1063.400000
781.800000
-827.300000
391.500000
-413.800000
522.800000
-611.900000
-83.900000
-179.300000
288.100000
774.700000
-332.400000
1082.500000
-547.000000
367.600000
-386.100000
-308.800000
139.700000
715.400000
-121.200000
-72.100000
-540.900000
-613.200000
412.300000
-470.900000
-470.000000
-206.600000
229.000000
485.300000
-63.900000
-462.900000
-208.800000
661.800000
-269.300000
491.600000
-96.100000
-423.000000
485.600000
472.800000
-146.900000
43.300000
559.100000
108.600000
-97.500000
-127.200000
185.700000
-219.400000
81.500000
-276.200000
-171.100000
-460.200000
-115.500000
420.900000
98.400000
-70.500000
-302.900000
-275.600000
-190.000000
337.900000
-189.800000
-43.500000
144.400000
-111.600000
-339.700000
376.800000
-240.900000
-141.500000
274.900000
82.200000
248.900000
-283.700000
99.300000
-105.300000
-265.300000
-218.000000
-52.700000
-31.900000
290.100000
10.800000
-215.900000
-245.400000
290.100000
-23.200000
118.800000
303.600000
91.300000
232.000000
44.200000
31.900000
-234.700000
-61.200000
-13.300000
179.000000
214.900000
152.900000
198.700000
-206.200000
-140.600000
-13.000000
-175.100000
191.100000
138.400000
-163.100000
159.100000
-254.900000
115.200000
135.500000
-118.100000
-107.800000
58.400000
-116.600000
72.700000
117.700000
116.200000
-148.200000
26.300000
-129.660000
-179.900000
181.800000
9.800000
76.300000
-124.400000
95.400000
68.700000
-89.550000
-8.300000
99.100000
37.230000
72.980000
-30.300000
61.700000
100.700000
133.700000
-59.800000
-22.800000
17.650000
-88.800000
15.300000
43.300000
86.880000
37.840000
-133.920000
29.250000
76.140000
51.410000
49.550000
-100.970000
-15.740000
73.750000
-41.380000
30.000000
-104.540000
-43.190000
-41.500000
-82.640000
81.100000
41.830000
-29.430000
1.850000
112.780000
-23.280000
9.380000
109.320000
-12.750000
10.350000
-14.790000
-50.750000
57.310000
32.350000
-64.370000
42.640000
-110.460000
-10.910000
32.350000
-70.920000
3.770000
-41.870000
-23.170000
-35.450000
14.350000
-17.020000
68.820000
-38.210000
-49.060000
8.520000
6.420000
7.100000
54.760000
1.650000
14.650000
42.620000
36.080000
42.020000
-30.030000
-23.370000
-10.290000
9.200000
50.150000
48.550000
-15.310000
-23.320000
-17.330000
-51.970000
30.110000
-24.880000
-30.490000
24.120000
-5.170000
-45.390000
-30.530000
-23.800000
-17.910000
-40.010000
24.760000
41.990000
30.160000
14.840000
2.810000
-24.480000
-39.370000
-25.880000
32.120000
-13.580000
-15.200000
7.090000
-2.250000
30.930000
-37.650000
-0.850000
-6.600000
-4.980000
4.540000
-23.050000
-15.520000
-14.610000
14.020000
-18.120000
-26.790000
10.070000
8.870000
-1.800000
16.470000
22.720000
21.730000
-20.250000
-19.260000
-9.090000
16.630000
-10.130000
7.280000
0.200000
6.050000
-18.130000
4.240000
12.580000
-9.350000
-4.859990
16.590000
-12.630000
-22.200000
24.820000
-16.920000
-13.610000
-18.930000
20.530000
18.600000
23.270000
2.150000
-1.080000
2.060000
4.430000
12.160000
-0.500000
5.880000
-6.790000
-14.270000
-10.650000
-0.250000
-12.410000
-17.930000
-10.020000
-14.950000
9.730000
-7.200000
13.309000
4.000000
-1.920000
-7.990000
-5.880000
-1.810000
-7.717000
13.190000
-15.171000
8.960000
-7.244000
15.120000
8.070000
-10.802000
-14.720000
4.180000
-10.315000
-14.701000
9.720000
12.499000
3.900000
0.783000
-4.060000
2.460000
-8.915000
-2.453000
-9.316000
-6.851000
-1.698000
7.520000
4.014000
9.135000
5.343000
4.693000
5.632000
5.771000
3.761000
8.054000
9.523000
4.895000
-10.447000
-6.317000
6.431000
0.244000
-0.039000
10.273000
5.330000
9.400000
7.709000
-0.428000
5.438000
-8.715000
-0.071000
0.434000
5.712000
-5.126000
0.364000
5.503000
4.533000
-1.529000
7.948000
-1.787000
-5.681000
-6.588000
5.536000
-1.865000
1.734000
-5.077000
0.600000
5.251000
1.997000
-2.754000
2.432000
-6.304000
-4.511000
-5.308000
5.821000
-5.429000
1.214000
-3.278000
-2.811000
-2.432000
4.448000
-3.491000
2.950000
-1.827000
-0.790000
1.915000
1.699000
-4.951000
-1.317000
-3.014000
-0.993000
-0.304000
1.480000
3.930000
-4.518000
-3.869000
-4.018000
-1.026000
-2.630000
-0.264000
2.370000
-4.242000
1.200000
-3.451000
3.528000
0.280000
-1.628000
2.740000
3.651000
-3.327000
-0.514000
-3.034000
2.110000
-1.341000
-3.620000
3.664000
-3.543000
-2.334000
0.853000
-3.202000
-2.673000
-2.360000
-0.229000
-2.773000
0.830000
0.475000
1.082000
0.341000
-0.007000
1.098000
2.270000
1.188000
2.628000
2.514000
-0.738000
1.475000
-0.013000
1.634000
2.718000
1.541000
0.335000
1.438000
0.443000
0.014000
0.554000
1.701000
1.108000
-1.770000
-0.314000
-0.678000
0.398000
-0.249000
1.875000
0.066000
-1.479000
-1.664000
1.904000
1.205000
-2.093000
1.851000
0.400000
0.084000
-1.979000
0.512000
0.334000
-0.943000
1.188000
0.705000
1.967000
-0.785000
-1.014000
1.038000
-1.501000
0.972000
1.295000
0.339000
1.407300
1.526000
1.127000
1.098000
-1.850600
-1.090000
-1.357300
0.257000
-0.471000
-1.375000
-0.940000
-1.086000
-1.094000
-0.137000
-1.410000
-1.249000
-0.989000
0.061900
0.090000
0.187300
0.767000
-0.255000
-0.448100
1.200000
-0.927900
-0.267000
0.728000
1.216000
-0.090400
0.791000
1.040000
-0.208000
-0.466500
0.244000
-0.853000
-1.088000
0.078500
-0.770300
-0.665800
0.899000
0.927400
0.731500
0.146800
-0.294000
0.796300
0.122400
-0.628500
-0.545600
0.754800
0.560000
0.804700
0.764800
0.347900
-0.636000
0.857600
0.020100
0.606300
0.391700
0.346000
0.940800
-0.070900
-0.018800
0.473700
-0.564800
0.389400
-0.080700
-0.351400
0.750500
-0.447600
-0.086700
-0.211400
-0.314500
-0.653700
-0.124100
-0.501700
0.334400
-0.212900
-0.489500
-0.324800
0.656500
-0.079500
0.449500
-0.416000
-0.008800
-0.134300
-0.287000
0.185400
0.012200
0.579200
-0.383200
0.336100
-0.744500
-0.339600
0.092800
0.306000
-0.307400
-0.436500
0.549700
0.455000
0.363400
-0.077400
-0.402100
0.661900
0.217600
-0.104500
0.507100
0.154400
-0.025300
-0.447200
-0.278800
0.407000
0.461600
-0.278100
0.114800
-0.360400
0.062800
-0.265000
0.463700
0.118100
0.135200
-0.407500
0.347700
0.368800
-0.135900
-0.005200
-0.201500
-0.074100
0.398300
0.278200
0.459200
0.222000
-0.258000
-0.020100
-0.234900
-0.411100
0.391900
-0.078600
0.271400
-0.101800
0.085100
0.321100
-0.022200
0.357700
-0.385900
0.175100
-0.345800
-0.352700
-0.018700
-0.157600
-0.330300
-0.288500
0.093100
0.346500
-0.068300
0.203700
-0.153000
-0.349100
-0.068700
0.333700
0.123800
-0.186500
0.080000
-0.353000
-0.226200
0.037000
0.175300
0.334200
-0.193400
-0.313600
-0.061300
-0.071600
-0.038100
-0.169200
0.035900
-0.303000
0.013200
-0.146200
0.240600
-0.265800
-0.189500
-0.123300
-0.091000
-0.176500
-0.100000
-0.159500
0.343100
0.236900
-0.344500
0.168100
-0.123300
-0.075300
0.078400
-0.056300
-0.197100
-0.122100
0.015700
0.212300
0.123000
0.121500
-0.269200
-0.111100
-0.189600
0.198900
0.220200
0.076000
0.202500
-0.027700
-0.209000
-0.096900
-0.059600
0.069400
-0.066700
-0.062300
0.003100
-0.190900
0.063800
0.200900
-0.055500
0.011300
-0.204900
0.195800
0.066900
-0.079800
0.113800
-0.209400
0.130500
0.074100
0.081300
-0.111900
0.162100
0.128000
0.022500
-0.224200
-0.188700
0.165000
-0.120000
0.060100
0.056900
0.040100
0.077200
-0.038600
-0.008700
0.230500
-0.044700
-0.192200
-0.214600
-0.154400
-0.009300
-0.183100
0.073910
-0.069400
-0.037000
0.045000
-0.022900
0.058400
-0.090400
0.211600
0.015400
0.119200
0.090100
-0.164200
0.097800
0.143900
0.048600
-0.147800
0.155200
0.095020
0.197000
0.104100
-0.187800
-0.154900
0.118620
-0.027100
-0.138700
0.052900
0.147900
0.133100
-0.203800
-0.059500
0.124290
0.086500
0.117900
0.165600
0.023400
-0.000900
0.206700
-0.141000
-0.154300
0.133100
0.055000
0.004000
0.104600
0.033800
0.042400
0.102360
0.088900
0.152690
0.161900
-0.074900
0.072000
-0.086000
0.028920
0.021000
-0.072700
0.100000
-0.016740
-0.025400
-0.108060
-0.051000
0.051100
0.052000
-0.059000
0.037200
0.108000
0.141410
-0.070800
-0.169480
0.092400
0.092810
0.076300
-0.064300
0.136690
-0.141000
-0.018600
-0.113000
-0.078200
0.072800
-0.067050
-0.142500
-0.126700
-0.117800
-0.008600
-0.028600
0.080260
0.147300
0.101800
0.162000
-0.069500
-0.087400
0.080600
-0.054500
-0.128120
-0.041200
-0.147080
-0.057600
-0.073100
-0.128200
-0.018000
0.054100
-0.097640
0.012900
0.058130
0.108700
-0.102570
0.060500
-0.070400
0.099900
-0.031700
0.012400
0.035000
0.076100
-0.066500
-0.108800
-0.011200
-0.041800
0.092900
-0.117800
0.064270
0.170100
-0.046030
0.008400
0.129100
0.051100
-0.072900
-0.023100
0.052400
-0.027700
-0.022700
0.081100
0.050000
0.139700
0.072000
-0.092400
-0.097700
0.009800
0.065800
-0.049170
0.094500
0.025020
0.065500
-0.047200
-0.076700
-0.036400
0.093100
0.075600
-0.088000
0.077730
-0.103300
0.067200
-0.070930
-0.096500
-0.049100
-0.164000
-0.094000
-0.008660
0.157390
0.113400
0.077500
-0.147530
0.129100
-0.114630
-0.007100
0.006580
-0.034400
-0.058800
0.136700
0.117970
-0.104900
-0.028240
-0.094200
0.101500
-0.066600
0.111600
0.144500
0.087900
-0.049580
0.126800
0.085100
-0.131100
0.081400
0.118930
-0.058800
0.056400
-0.070500
0.020000
0.087400
0.023200
-0.016000
0.067600
0.073600
-0.055630
0.135720
0.029400
0.033820
0.114130
-0.167500
-0.023600
0.024660
0.077600
-0.013100
-0.078400
0.085530
-0.139300
-0.004730
0.007500
-0.083800
-0.024500
0.100900
0.040200
-0.032580
0.023600
-0.045670
0.041120
-0.000900
-0.125300
0.052000
-0.052600
0.038000
0.115500
-0.067390
0.000700
0.003400
-0.025080
0.029900
0.118700
0.059500
0.004700
-0.133500
-0.046400
0.069000
-0.046400
-0.064100
0.039200
0.092800
0.020040
-0.099400
0.091500
0.024500
-0.122600
0.068460
0.026400
0.102200
-0.112090
0.098600
0.051000
-0.039200
0.010500
0.035800
-0.061300
0.126070
-0.018900
0.126590
0.042100
0.099200
-0.097900
-0.079020
-0.102100
-0.120600
0.031880
0.093100
0.109570
0.096800
0.080300
0.115310
0.025000
0.021540
0.068400
-0.109170
-0.084400
-0.044800
-0.126280
-0.032350
0.068000
-0.063010
0.066200
-0.105600
-0.007100
0.084500
0.095270
0.010900
0.020100
0.020500
-0.116500
-0.060690
0.044800
-0.091500
-0.095000
0.084500
-0.086900
0.122710
-0.131240
0.060100
-0.052980
-0.018800
0.113060
-0.063000
0.010630
0.122750
0.023040
0.056800
-0.055700
0.015500
-0.053100
0.021560
0.067600
0.051420
0.005370
0.127130
0.110500
-0.051000
-0.008230
-0.099600
-0.049200
0.079200
0.098000
0.002680
0.106300
0.018600
0.015100
-0.015800
0.028900
0.019500
-0.043650
0.103290
-0.006300
0.026070
0.026600
-0.121210
0.032200
-0.051790
-0.002500
0.135500
0.065600
0.068500
0.128400
0.003770
0.056700
-0.000200
0.006100
-0.062700
-0.014200
-0.090400
-0.010900
0.099420
-0.029830
-0.113200
0.016100
0.004360
0.080300
-0.086000
-0.025900
-0.107800
0.092600
0.027440
0.089780
0.099920
0.096940
0.101800
-0.125100
0.009200
-0.063700
-0.120720
-0.000160
-0.001260
-0.064400
-0.065300
-0.057200
-0.071400
0.121200
0.128500
-0.039960
-0.005570
0.032400
-0.075700
0.055700
0.089240
0.135200
0.036950
0.037400
0.080300
0.042700
-0.029450
-0.004800
-0.064500
0.087440
-0.119200
0.052600
-0.064810
-0.016620
-0.078310
-0.081210
-0.010800
-0.087600
-0.023800
-0.031810
0.017700
-0.093730
0.021580
0.096900
-0.033200
0.078640
-0.003110
0.124200
0.074010
0.060500
0.033730
-0.107600
0.051260
-0.060800
-0.022040
0.080900
0.010180
-0.092600
0.056130
-0.101000
-0.004300
-0.065600
-0.005420
0.042120
0.078200
-0.019120
-0.060600
-0.121400
0.033980
0.009100
-0.023400
-0.121630
0.061400
-0.027700
-0.072820
0.000440
0.067700
0.063170
0.103240
-0.077380
-0.083260
0.048350
0.016160
0.016380
0.095860
-0.003160
0.092150
-0.094300
-0.009800
-0.058920
0.041290
0.034200
0.073100
0.055060
-0.045660
-0.061010
0.079120
-0.015200
0.071700
-0.097600
-0.089880
0.050650
-0.004590
-0.019100
-0.060630
-0.046900
-0.007310
0.025980
-0.051980
-0.093470
-0.050780
0.069190
0.023480
0.005570
-0.085340
0.065200
-0.074830
0.015280
-0.038070
0.109270
-0.082560
-0.069100
0.052640
-0.044350
-0.041000
-0.021970
0.069400
0.095740
-0.078270
0.024160
-0.050800
0.090670
-0.047440
-0.056780
-0.013200
-0.100100
0.106600
0.043350
0.010360
-0.027250
0.097730
-0.111090
-0.053870
0.099240
-0.050670
-0.092900
-0.041820
0.073030
-0.051260
0.015100
-0.052300
-0.055180
0.131350
0.000360
-0.055500
-0.026900
-0.090700
0.073430
-0.091000
0.081390
-0.031670
0.043960
0.064380
0.031900
0.067220
-0.064320
-0.077060
-0.083430
-0.033060
0.060310
-0.031550
0.061600
0.019470
0.061020
-0.106000
-0.050500
0.048220
-0.022530
-0.048000
-0.004290
-0.029020
0.092510
-0.065580
0.106000
-0.084900
-0.047790
0.070000
-0.014230
-0.095380
-0.007830
-0.006950
-0.097980
0.088880
-0.080390
-0.066680
-0.119430
-0.070280
0.060000
0.009520
0.098100
0.088930
-0.056600
-0.080180
-0.056290
0.096400
-0.028210
-0.059800
0.042900
-0.103000
-0.078550
-0.066860
-0.106530
-0.049590
-0.010650
0.005030
-0.056480
0.115550
-0.010230
-0.059190
-0.087680
0.076230
-0.023870
-0.003630
-0.039320
-0.044400
-0.011340
-0.049910
0.070340
-0.005090
-0.106950
-0.078820
0.032980
-0.010730
0.026790
0.081230
-0.044800
-0.017040
-0.041800
-0.037600
-0.005950
-0.059100
0.014500
0.038420
0.079660
-0.077450
0.012110
-0.078690
0.034580
-0.040070
0.098400
-0.052780
0.029390
0.093440
-0.063240
0.014040
-0.052870
-0.000360
-0.061680
-0.012340
-0.065190
-0.059740
-0.068640
0.054660
-0.063810
-0.106690
0.101430
0.076960
-0.067820
0.019100
0.068600
0.000040
0.001940
0.002050
0.081970
-0.016400
0.023130
-0.060930
-0.020910
0.090650
0.018430
-0.085650
-0.095240
0.030800
0.065160
0.062460
0.030260
-0.019110
0.045100
-0.043220
0.094330
-0.074270
-0.019860
0.010010
0.090320
0.076140
-0.057190
-0.045860
0.080450
-0.026110
0.045020
-0.062160
-0.016800
-0.016610
-0.027700
0.099630
-0.057760
0.070620
0.059270
0.085910
-0.087310
-0.093270
0.058430
0.083320
-0.047810
0.042100
-0.018020
0.068060
0.001120
0.074440
0.095440
0.021950
-0.043490
0.075150
0.007690
-0.050760
0.013030
-0.034600
-0.026220
-0.046920
0.064400
0.023460
0.011900
-0.072300
0.100780
-0.012370
-0.098680
0.071140
0.009220
-0.075080
0.009460
0.016440
0.030130
0.102960
-0.076020
-0.004620
-0.032050
0.035580
-0.056100
0.072870
0.064720
0.028360
-0.077450
0.030470
-0.087240
0.070540
0.044830
-0.003060
-0.085820
0.077810
-0.069410
-0.052570
0.039710
0.062050
-0.011990
0.011780
0.000570
0.000830
0.000630
-0.068360
0.039980
-0.001110
-0.037110
0.029730
0.048640
0.085780
0.044310
-0.048550
0.087590
-0.100850
-0.047330
-0.039330
0.087980
0.012530
-0.022260
-0.077410
0.014640
0.041080
0.056850
-0.090290
-0.039260
0.023570
0.000760
0.092380
-0.072460
0.015780
-0.057160
0.062470
0.005430
0.085470
-0.095320
-0.091280
0.053990
0.061440
0.032520
0.101430
-0.068380
0.085370
-0.021990
0.032840
-0.086300
-0.062100
0.093450
0.006800
-0.086910
0.085610
-0.053490
0.065490
0.034930
-0.017270
-0.099300
-0.090050
0.075170
0.051640
-0.083190
0.002780
0.043500
-0.039880
-0.095650
-0.014530
0.058850
-0.012050
-0.097280
0.036830
-0.049490
0.022740
-0.006080
-0.032100
0.048120
-0.023930
-0.090830
0.023880
0.083430
-0.048200
-0.007040
0.019620
0.034690
-0.031540
0.074480
-0.011160
0.076880
0.088200
0.024340
-0.057450
-0.017910
0.023420
0.068280
0.056910
-0.096260
-0.089270
-0.019860
0.064430
0.090160
0.004450
0.069340
0.034540
0.082020
-0.096690
-0.048640
-0.054630
-0.006430
-0.078680
0.006980
-0.071340
-0.065380
-0.085800
0.075540
-0.087320
0.048920
-0.037680
-0.086770
-0.006150
-0.093180
0.027230
-0.107130
-0.037040
-0.057690
0.018810
0.012290
-0.078630
0.023540
-0.067950
-0.082960
-0.048310
-0.016520
0.061500
0.047900
0.074540
-0.030550
-0.008580
-0.053820
-0.051200
-0.082170
-0.102210
-0.029370
0.011500
-0.029730
0.042840
0.029520
-0.064840
-0.008440
0.035570
-0.051980
-0.059440
-0.081080
0.054070
-0.086810
-0.005720
0.050280
-0.047730
-0.034880
-0.066400
0.092600
0.070560
0.095840
0.025720
0.045800
0.002380
-0.079210
-0.038590
0.046440
-0.027880
0.025350
0.044270
-0.028170
0.030350
0.025680
-0.028570
-0.020140
0.007860
-0.035020
0.063880
-0.068510
-0.076800
0.045680
0.052100
0.093320
-0.000620
0.097990
-0.030590
-0.032150
-0.067720
0.029410
-0.005020
0.033110
-0.091290
-0.020850
-0.084770
0.024210
0.046340
-0.067210
0.063700
0.091790
-0.040740
-0.042780
-0.047100
-0.041200
-0.007240
-0.051300
0.040280
0.043010
0.018230
-0.005000
-0.061150
0.058250
0.081630
0.069250
-0.014880
0.027330
0.060090
-0.085760
0.013380
0.039450
-0.065760
0.053210
-0.042050
-0.019620
0.062070
0.006080
0.058690
-0.106390
0.065130
0.006270
0.011800
-0.013680
-0.020970
-0.007300
-0.012660
0.047060
0.071690
-0.064490
0.036980
-0.078420
0.051460
0.084770
-0.079360
0.044500
-0.054400
-0.029680
-0.078630
-0.022570
-0.005790
-0.064870
-0.087590
-0.074210
0.080500
0.051820
0.072130
-0.037710
0.063060
-0.004170
-0.083160
0.020240
-0.053180
0.005390
-0.034490
-0.084710
0.087070
0.095970
-0.038110
0.091090
-0.043550
-0.013950
0.025090
0.004260
-0.052760
-0.003930
-0.082120
-0.059000
0.057880
0.010220
-0.078170
-0.038380
-0.032980
-0.058630
0.034950
0.055640
-0.014480
-0.016490
0.004500
-0.002470
0.003690
0.030240
0.024200
0.003140
0.021270
-0.039550
-0.037530
-0.057340
-0.079130
-0.055190
-0.046470
0.027900
-0.080980
-0.024860
-0.012730
-0.047250
0.001000
0.039220
0.002690
-0.028960
0.091210
0.009040
-0.004870
-0.011680
0.041760
-0.059840
-0.096240
0.020590
0.060010
0.029330
0.052250
-0.034130
0.033640
-0.003450
0.042710
0.055640
-0.006970
0.004390
0.014240
-0.081120
-0.006820
0.082880
-0.067320
-0.057420
0.051530
0.098300
-0.049810
-0.019150
-0.079420
0.071970
-0.071520
0.054770
-0.037140
-0.004970
0.072980
0.047710
-0.030150
-0.094600
-0.069160
0.056620
0.053500
-0.054450
-0.066530
0.001650
-0.035230
-0.039340
0.007840
0.062320
-0.067500
0.047050
0.010520
0.045430
-0.046300
0.045160
-0.088050
-0.069290
0.001770
-0.061900
-0.048250
-0.054140
0.016160
0.030410
-0.077180
0.067560
0.070010
0.055190
-0.012450
0.046070
-0.079490
0.051510
-0.083740
0.012500
0.063750
0.062890
-0.048320
0.043640
0.031690
-0.034490
0.052670
0.081990
-0.066150
-0.024920
-0.080130
-0.024970
0.064900
-0.064200
0.083360
-0.065810
0.071930
-0.077010
-0.016900
-0.068550
0.079840
-0.055520
0.078790
-0.051020
0.007390
0.007570
0.063840
0.060110
0.022840
-0.026050
0.042820
0.028130
-0.059180
0.074590
0.086400
-0.023060
-0.057240
-0.045440
-0.003580
-0.037640
-0.044280
-0.082620
-0.078430
-0.003200
-0.055720
0.063160
0.071420
0.068110
-0.048140
-0.084190
-0.053470
0.008090
0.056600
-0.053310
0.069400
-0.055830
-0.022270
0.001770
0.018720
-0.061530
-0.019580
0.011420
0.030040
-0.038860
0.065290
