-1.476562
1.109375
0.265625
0.929688
-1.710938
1.867188
-0.867187
-0.148438
-1.257810
1.312497
0.898440
0.843750
0.304688
0.648436
-0.578124
-0.179688
-0.843751
-0.132812
-0.992186
0.390625
-0.898438
0.257812
-0.382813
-0.148438
-0.234376
-1.093750
-0.273438
-0.890626
-0.906250
-1.835937
-0.789062
-1.078124
-1.257815
-1.148437
-1.835937
1.078126
-0.874999
1.374998
0.140625
0.640625
1.132813
1.171876
1.476560
0.812500
0.859375
0.687501
1.164063
-1.882815
0.046875
-0.070312
-0.039062
0.015626
0.054689
-0.132815
0.015625
0.039063
-0.054687
0.046876
-0.000002
-0.023438
0.078125
0.117188
-1.335938
-0.398438
-0.398438
-0.054688
0.117188
-0.015625
-0.640625
0.281250
-0.875000
-0.531250
-1.031250
-1.257812
-1.765625
-1.320312
-1.328125
-1.671875
-1.617188
-0.414062
1.062500
1.429688
1.148438
1.296875
0.875000
0.382812
0.265625
-0.273438
-0.492188
-1.835938
0.890625
1.218750
-1.312500
-0.882812
1.109375
0.351562
-0.203125
0.953125
0.960938
0.203125
0.421875
0.335938
-0.835938
-1.117188
0.046875
-0.929688
0.570312
-0.164062
-0.156250
-0.296875
-0.671875
0.281250
-1.000000
-0.812500
-0.898438
-0.812500
-1.046875
-1.179688
-1.539062
-1.390625
-0.984375
-0.718750
-0.976562
0.414062
0.515625
-0.523438
1.164062
1.109375
1.289062
1.156250
1.070312
0.843750
1.023438
1.218750
-1.703125
-0.039062
0.000000
-0.070312
-0.007812
0.054688
-0.070312
-0.015625
-0.031250
0.062500
0.062500
-0.109375
0.054688
0.031250
-0.007812
-0.929688
0.101562
-0.117188
0.375000
-0.726562
-0.445312
-0.265625
0.656250
-0.359375
-1.335938
-0.789062
-1.765625
-1.179688
-1.765625
-1.914062
-1.835938
-0.234375
-0.023438
-0.531250
1.179688
1.492188
1.445312
1.062500
1.718750
1.515625
0.492188
0.343750
-0.046875
-0.085938
0.546875
1.398438
-1.218750
-1.492188
-1.828125
-0.632812
0.648438
-1.640625
0.843750
-1.593750
0.867188
0.523438
0.546875
-0.132812
-0.546875
-1.757812
-1.484375
-0.898438
-0.671875
0.781250
-0.625001
0.132812
1.429688
-1.015625
-0.460937
1.921874
-1.742187
1.414063
-0.757813
-1.125000
1.734373
-2.085936
-0.148438
1.726562
0.398438
-1.554688
1.585939
-0.828128
-2.023438
-1.742188
-0.523438
0.562500
-0.312500
-0.070312
0.367188
-0.421875
0.492188
-0.390625
-0.117188
0.468750
-0.539062
0.656250
-0.835938
0.710938
-0.312500
-0.421875
0.671875
-0.718750
0.546875
-0.289062
-0.242188
0.515625
-0.500000
0.382812
-0.312500
0.226562
-0.320312
0.179688
0.414062
-0.320312
1.867188
-1.656250
-0.117188
0.085938
0.007812
0.046875
0.046875
-0.242188
-0.296875
0.164062
0.703125
-0.937500
-0.460938
0.765625
-0.835938
-0.742188
-1.476562
-0.500000
-1.757812
-0.835938
0.289062
0.101562
0.054688
-0.132812
0.046875
-0.242188
0.351562
-1.101562
-1.507812
1.445311
-0.351561
-1.765625
1.210936
1.132815
-1.968752
1.640626
-1.453126
1.554686
-1.164061
-0.093751
0.210938
1.468748
1.749999
-1.906250
1.539064
-0.164065
-0.179685
-0.593751
1.195313
-0.460937
-0.750002
0.437499
0.359375
-1.015626
2.046876
-1.859376
0.804690
0.375000
-1.859376
2.109377
-1.453126
1.000002
-1.179686
1.476560
-1.789062
1.539062
-0.992186
1.843750
-0.937500
-0.460938
0.367189
-0.023440
-0.109375
0.289063
-0.914061
0.757811
-0.257812
-0.585936
1.820313
-1.257814
0.539063
-0.539062
-0.609374
2.101562
-1.203126
1.718749
-0.593748
-0.757815
2.062501
-1.992187
0.937500
-1.789062
1.062499
-1.531252
2.078125
0.484378
-1.554689
2.070311
1.187500
0.296875
-0.476561
-0.632813
0.945312
-0.085937
-0.999998
1.695313
-1.718750
2.046875
0.148435
-1.953124
0.492187
0.429686
0.085940
-0.460939
0.734375
-0.851561
0.484372
-0.531248
1.710937
-1.960939
1.359374
-0.554688
-0.859376
0.304689
1.070312
-1.671876
1.078125
0.992189
-1.296875
-0.078125
0.445311
0.304690
-0.312503
-0.070310
0.242185
0.624999
-0.679688
-1.406250
1.664063
-0.218750
-0.718749
-0.210938
1.335938
0.406251
-2.000002
0.882813
-0.242188
0.382812
-0.007813
-0.976563
1.234376
0.726562
-2.062499
0.953125
-0.046875
0.265623
-1.265623
-1.640625
1.015627
-0.648436
-0.453127
0.390627
1.945312
-1.859373
-1.562502
0.148438
-0.054687
0.093749
-0.562499
0.906251
0.218751
-0.062501
-0.070312
-0.429688
-0.929686
1.476562
0.226563
-1.179688
1.710937
-1.414063
0.578125
-0.804686
0.749999
-0.132812
0.687500
0.039064
-0.781251
-0.390626
0.304690
0.843747
-0.203125
-1.226561
1.187498
-0.750000
0.578127
-0.906250
-0.031249
1.953125
-1.992189
-0.273436
-1.828124
0.468748
-0.820313
0.734378
0.195311
-0.476563
0.273438
0.164064
-0.585938
1.460938
0.445312
-1.749999
1.749997
-1.867187
-1.359374
-1.648438
0.359376
-0.632812
-1.757812
0.796875
-2.109375
0.609376
2.023437
-1.601562
-0.515625
1.867188
-0.781249
-0.054686
0.117188
-0.210938
0.109375
-1.226563
2.046874
-0.640625
0.031251
-1.109377
1.351562
-1.765624
1.734376
0.187501
-1.039064
0.007811
-0.328123
1.117185
-0.117185
-0.304688
-0.789064
1.101564
-0.640625
1.187501
-1.593750
0.804688
-0.328124
1.117186
-1.382813
0.000002
1.492187
-2.062501
1.429688
-1.101562
-0.476563
2.031251
-0.460939
-1.046876
1.500000
0.023439
-0.960939
-0.937499
0.257814
1.523435
0.085940
-0.562502
-1.679688
-0.921876
-0.257813
0.078124
0.523438
-0.320311
0.335938
-1.070314
-1.828125
1.695313
-1.046875
0.742188
-0.320313
-2.109374
-1.296875
-1.304686
1.718750
-1.101564
1.484376
-1.601561
0.765624
0.539063
-0.671874
-1.164061
1.234375
-1.070311
1.882810
-1.874999
0.835939
-1.164064
-1.304687
-1.304689
1.101564
0.726563
0.015623
-1.328123
0.781249
0.109377
-1.648440
1.765624
0.164062
-0.695311
0.929688
-1.679686
0.953124
-0.625001
0.804687
0.531250
-1.078125
-0.554688
2.117186
-0.046873
-0.796875
-0.093750
-1.531249
-1.820313
-0.421874
0.218751
1.499999
0.710938
-1.718749
-0.523439
1.320314
-0.789064
0.898439
-0.187499
-0.835938
1.210936
-0.710935
-0.437502
0.335938
1.476561
1.671875
-1.312498
0.179686
0.460937
1.031251
-0.507812
-1.054690
0.203126
1.101562
-1.109375
-0.070313
1.054688
-0.960936
1.054688
-0.781250
0.632813
-1.968750
-1.601562
1.593750
-1.820313
1.257813
-1.710938
-1.828124
1.062498
0.179689
-0.468750
-0.898440
1.632814
-1.046875
0.992188
-0.937502
-0.203124
1.453125
-1.453125
0.585937
0.578126
-0.890626
1.148438
-1.718751
0.828127
-1.171875
1.953126
-1.437500
1.406250
0.296874
-0.945314
-0.726560
0.132810
0.945313
-0.718749
0.226563
0.671874
-1.773435
2.046873
-0.929689
0.093752
-0.742189
-0.218751
1.992188
-0.804687
0.179689
-1.320314
-0.203123
0.828122
1.328125
-0.749999
0.390624
-0.351561
-1.914062
-1.203125
-0.304687
0.171875
0.734375
-1.570314
1.835936
-1.164061
1.617187
-0.210937
-0.242189
-1.999998
-0.273439
-0.148438
-0.000002
-0.968749
-0.109374
0.203123
1.585937
-1.742189
0.320315
0.093751
0.687500
-1.398437
1.203124
1.421873
-2.117188
0.070313
-0.140627
0.281251
0.359374
0.937501
-0.515627
-1.570311
0.914062
1.125002
-1.742186
1.289062
-0.898439
-1.945313
1.242188
0.992186
0.421875
-0.601562
-0.750001
0.039062
0.500001
-0.249999
-0.585939
0.632812
2.101564
-0.515625
0.164062
1.148438
-0.570312
0.531249
0.531252
0.570311
-1.851563
0.664062
0.851562
-1.460937
0.453126
0.734375
-1.046875
0.289063
-0.445311
1.140626
-0.109376
-1.007814
0.734375
-0.796873
0.570312
1.765625
-1.585938
0.101563
1.351562
-1.148438
0.187501
-0.812500
1.679686
0.062500
-0.750001
-0.812500
0.765625
-0.132814
0.148440
-0.054687
0.859373
-0.250001
-0.812500
0.156249
-0.703125
1.085936
0.062499
-0.953124
0.398439
-0.273440
-0.257812
-2.023438
-1.054689
1.953127
-0.023440
-1.257812
-0.562499
0.882814
0.773436
-0.624999
-0.531249
1.312498
-1.367187
1.890626
-1.984377
1.382813
-1.492186
1.781250
0.117188
-0.875000
0.460938
-0.789062
1.726562
-0.531250
-1.726562
0.851562
1.101562
-0.609375
0.273438
0.906250
-0.914062
0.304688
-0.117188
-0.093750
-0.054688
-0.101562
0.015625
-0.234375
0.289062
-0.937500
1.820312
-1.562500
0.835938
0.890625
-1.492188
0.054688
0.851562
-0.242188
-0.109375
0.109375
-0.804688
1.453125
-1.773438
0.773438
1.703125
-1.593750
-1.304688
1.945312
-0.632812
0.875000
-0.890625
0.257812
-0.273438
-0.039062
0.296875
-1.101562
1.054688
-0.250000
0.007812
0.289062
-0.039062
-0.242188
-0.015625
1.109375
-1.140625
0.015625
0.179688
-0.242188
0.242188
-0.125000
0.218750
0.390625
-0.554688
-0.960938
0.890625
0.085938
0.132812
-0.156250
-0.015625
0.187500
-0.257812
0.421875
-0.359375
1.335938
-1.304688
0.265625
-0.171875
-0.101562
0.093750
-1.273438
1.617188
-0.375000
0.140625
0.460938
-1.296875
0.734375
-0.250000
1.085938
-1.093750
-0.484375
0.476562
-0.101562
-0.375000
0.617188
-0.437500
0.257812
-0.210938
-0.734375
0.757812
-0.625000
0.914062
0.742188
-0.906250
-0.929688
0.695312
0.273438
-0.195312
-0.234375
0.210938
0.257812
-0.054688
-0.343750
0.632812
-0.500000
0.304688
-0.328125
0.218750
-0.414062
0.820312
-0.765625
0.476562
-0.265625
-0.132812
0.054688
0.273438
-0.398438
0.414062
-0.562500
1.007812
-0.382812
-0.273438
0.156250
-0.007812
-0.500000
0.507812
0.101562
-0.031250
-0.125000
0.132812
-0.375000
0.000000
-0.031250
0.250000
-0.039062
-0.304688
0.781250
-0.750000
0.375000
-0.437500
0.562500
-0.484375
0.250000
0.421875
-0.500000
0.242188
-0.539062
0.914062
-0.445312
-0.140625
0.023438
0.328125
-0.273438
-0.179688
-0.179688
0.078125
0.562500
-0.429688
0.445312
-0.414062
0.328125
-0.164062
-0.406250
0.695312
-0.406250
-0.203125
0.507812
-0.429688
-0.007812
0.289062
-0.250000
0.210938
-0.296875
0.617188
-0.773438
0.343750
0.226562
0.257812
-0.914062
0.695312
0.046875
-0.281250
-0.671875
0.570312
0.992188
-0.812500
0.085938
-0.078125
-0.007812
-0.242188
0.273438
-0.117188
0.062500
-0.250000
0.218750
0.226562
-0.179688
-0.382812
0.453125
-0.250000
0.281250
-0.078125
-0.140625
0.171875
0.023438
-0.132812
-0.039062
0.054688
0.062500
-0.140625
0.046875
0.015625
-0.007812
-0.054688
0.062500
-0.195312
0.328125
-0.031250
0.078125
-0.218750
-0.015625
0.039062
-0.031250
0.015625
-0.031250
0.242188
0.078125
-0.492188
0.601562
0.210938
-1.414062
0.625000
1.492188
0.734375
1.546875
-1.523438
1.257812
-1.093750
0.375000
0.273438
-0.007812
-0.929688
0.648438
0.734375
1.375000
1.343750
0.687500
1.640625
-0.250000
-0.101562
0.492188
-0.390625
-0.273438
0.859375
-0.609375
0.179688
0.015625
-0.101562
0.070312
0.015625
-0.101562
0.179688
-0.406250
0.539062
-0.289062
0.046875
-0.156250
0.187500
-0.093750
0.031250
0.054688
-0.070312
0.015625
0.015625
-0.039062
0.031250
-0.007812
0.039062
0.039062
-0.109375
-0.070312
0.226562
-1.828125
-1.882812
1.031250
-0.710938
0.429688
0.132812
1.546875
0.859375
-0.648438
0.609375
0.054688
-0.601562
0.632812
-1.515625
1.085938
-0.320312
1.046875
0.250000
-1.929688
0.523438
0.421875
-1.617188
-0.117188
-0.078125
0.976562
0.531250
-0.843750
-0.382812
1.039062
-0.554688
0.007812
0.179688
-0.109375
-0.117188
0.304688
-0.218750
-0.171875
0.179688
0.085938
-0.015625
-0.007812
0.015625
0.015625
-0.148438
0.085938
-0.101562
0.023438
0.117188
-1.031250
1.804688
-0.601562
-0.375000
0.156250
0.156250
-0.234375
0.187500
-0.195312
0.007812
0.210938
-0.203125
-0.062500
0.257812
-0.023438
-0.210938
0.023438
0.210938
-0.273438
0.234375
-0.007812
-0.132812
0.070312
-0.093750
-0.117188
0.507812
-0.523438
0.320312
-0.398438
0.250000
0.156250
-0.023438
-0.289062
0.234375
-0.140625
0.117188
0.304688
-0.296875
-0.054688
-0.078125
0.164062
-0.367188
0.687500
-0.437500
-0.039062
-0.031250
-0.531250
1.476562
-1.539062
0.695312
0.351562
0.195312
-0.570312
-0.195312
0.125000
0.101562
-0.070312
0.671875
-0.656250
0.070312
0.023438
-0.164062
0.054688
0.312500
-0.226562
-0.054688
-0.062500
0.226562
-0.203125
-0.046875
0.367188
-0.484375
0.195312
-0.039062
0.687500
-0.445312
-0.382812
0.078125
0.078125
0.242188
-0.343750
0.242188
0.359375
-0.273438
-0.406250
0.023438
0.140625
0.117188
0.015625
0.492188
-0.898438
0.265625
0.179688
0.078125
-0.203125
0.156250
-0.296875
0.804688
-1.242188
0.351562
0.523438
-1.140625
1.679688
-0.835938
0.023438
0.171875
-0.023438
-0.101562
0.210938
-0.156250
-0.210938
0.156250
-0.195312
0.304688
-0.140625
-0.062500
0.015625
0.328125
-0.398438
0.101562
-0.007812
0.101562
-0.210938
0.171875
-0.156250
0.250000
-0.203125
0.132812
-0.195312
0.070312
0.140625
-0.187500
-0.109375
0.398438
-0.007812
-0.296875
0.226562
-0.390625
0.796875
-0.671875
0.460938
-0.171875
-0.281250
0.101562
0.226562
-0.257812
0.023438
0.156250
-0.101562
-0.765625
0.953125
-0.281250
0.359375
-0.296875
0.875000
-0.843750
-0.562500
1.187500
-0.687500
-0.406250
0.632812
0.039062
0.570312
-0.195312
0.031250
-0.218750
0.414062
-0.632812
0.625000
0.039062
-0.281250
-0.187500
0.781250
-0.828125
0.109375
-0.382812
0.406250
1.296875
-1.421875
-0.296875
0.406250
0.414062
-0.468750
-0.164062
0.570312
0.062500
-0.437500
0.296875
1.054688
-0.898438
-0.281250
0.070312
-0.843750
-1.343750
-0.093750
0.507812
1.187500
1.335938
0.437500
-1.484376
0.250001
-0.242188
-1.070312
-1.039063
-0.078125
0.929687
0.898438
-1.148438
0.773438
-2.015625
0.109374
-1.203125
1.976562
-1.828126
0.375000
0.890624
-1.257812
0.273436
-0.773436
-0.195313
-0.023437
-0.695312
-0.601562
0.109375
-0.765626
-0.304688
0.070311
-0.929687
-0.617188
-0.507812
-1.125000
-1.453127
-0.484375
-0.656250
-0.921875
-1.007812
-1.117189
0.421875
-0.187499
-0.851562
0.101561
-0.656249
-1.320311
0.734374
-0.460938
0.140627
-0.679688
0.140625
1.859375
2.109375
-0.195312
-0.257814
1.484375
-1.218749
-0.601562
0.796873
0.406251
-1.781252
0.851562
-0.710936
-1.546875
-0.203125
-0.773436
1.109375
-0.679687
0.250000
-0.734376
1.296875
-0.757812
-0.460936
-0.328125
-0.492186
0.195312
-1.749999
-0.648437
1.351561
-0.648438
-0.953125
0.375000
1.859375
0.046875
0.828126
1.273438
-0.406251
0.031250
-0.179687
0.570312
1.539062
0.507811
-1.539062
-0.148438
0.601561
-1.812500
0.039064
-0.656250
0.859375
0.593750
0.664062
-1.203125
0.156250
0.085938
-0.648438
0.914062
-0.640625
0.476563
-0.406250
0.421875
0.296875
1.601562
1.531250
-1.242189
2.117188
1.398438
0.773438
-0.265624
0.273438
-0.804688
0.476562
-1.507810
-0.273440
0.320312
0.671875
-0.968750
0.757812
-1.242186
0.914064
-0.421874
-0.304688
0.906251
1.789062
-1.789062
-0.492188
0.390626
-0.359378
-0.460938
-0.132812
-0.671875
-1.101563
0.445311
-1.882812
-1.789062
-0.367189
-0.234375
-0.140625
-0.523438
0.460938
-0.382812
0.507812
0.210938
-0.070312
-1.179688
-0.484375
-0.140625
0.257812
-1.453125
-1.546875
-0.195312
-0.390625
-0.406250
-1.757812
-0.437500
0.601561
-0.476562
-0.062502
-0.304688
0.109374
-0.679685
0.484374
-0.609374
0.046874
-1.203125
-1.968750
-1.937500
1.335939
-1.367189
0.882813
-1.226562
1.000000
-1.085938
0.304688
1.968750
-2.062500
-0.968750
-0.070312
-0.062498
-0.796874
-0.140624
-0.484374
-0.351565
-0.257810
-0.187500
-0.257811
-0.914062
-1.250000
-1.507812
1.593750
0.968750
0.445312
-0.539062
0.882812
1.929688
1.289062
-1.875000
1.250000
0.125000
0.750000
-1.195312
-0.132812
1.921875
-1.124998
0.101563
-0.476562
0.554689
-0.296877
-1.109375
-1.093749
1.523438
-0.671874
-0.562499
0.351562
-0.921876
1.632812
-2.062500
0.093750
-1.000000
-1.289062
1.875001
-1.656252
0.117188
-1.710938
0.812500
-1.898438
0.203125
1.085938
-0.242188
0.789062
-0.085938
0.523438
1.406250
1.875000
1.484375
1.710938
0.210938
1.757812
-0.781250
0.484375
0.187500
0.703125
-1.476562
0.390625
0.203125
0.453125
0.421875
-0.335938
1.054688
0.781250
-0.890625
0.828125
0.007812
-0.429688
0.601562
0.562500
0.414062
0.546875
1.054688
-1.125000
-0.070312
1.007812
-1.210938
0.789062
-0.593750
0.554688
0.125000
-0.179688
0.359375
-0.640625
0.671875
-0.476562
-0.031250
0.312500
0.460938
-1.335938
0.523438
0.476562
0.070312
0.781250
-1.070312
0.109375
0.093750
-1.929688
1.945312
1.468750
-1.679688
0.164062
-0.351562
0.406250
-0.476562
0.320312
0.171875
-0.109375
-1.007812
1.117188
-0.468750
0.210938
0.109375
0.281250
-0.789062
0.812500
-0.234375
-0.421875
0.671875
-0.007812
-0.398438
-0.015625
0.296875
-0.164062
-0.109375
-0.257812
0.421875
0.140625
-0.515625
-0.140625
0.382812
-0.078125
-0.046875
-0.101562
0.117188
0.226562
-0.343750
0.148438
0.179688
-0.289062
0.109375
-0.179688
1.187500
-0.593750
-0.523438
0.578125
-0.562500
0.218750
0.250000
1.156250
0.085938
0.414062
0.453125
-1.140625
1.351562
-0.882812
-0.015625
1.523438
-1.156250
0.945312
1.757812
-0.046875
0.062500
-0.070312
-1.781250
-0.273438
0.257812
0.351562
0.289062
-0.007812
0.117188
0.937500
-1.460938
1.906250
-0.101562
1.937500
0.203125
-0.250000
0.375000
-0.375000
0.468750
-0.492188
0.437500
-0.437500
-0.726562
0.796875
0.281250
0.085938
-0.093750
-0.210938
-0.406250
-0.085938
1.179688
-0.703125
0.195312
-1.257812
1.265625
-0.750000
0.156250
0.304688
-0.070312
0.968750
-1.304688
1.562500
-1.828125
0.085938
-0.890625
1.296875
-0.890625
-0.156250
-1.539062
-0.273438
-0.054688
-1.828125
-1.507812
-0.195312
0.281250
-0.156250
1.015625
0.156250
0.312500
-0.265625
0.257812
-0.773438
0.304688
1.156250
0.085938
-0.226562
0.289062
-0.242188
0.195312
-0.140625
-0.531250
0.289062
-1.257812
1.257812
0.445312
1.617188
-0.117188
0.476562
1.343750
-0.031250
0.132812
-0.039062
0.476562
0.296875
0.851562
-1.437500
0.648438
0.765625
1.578125
0.742188
1.007812
-0.953125
-0.132812
0.039062
0.164062
1.156250
-1.007812
1.765625
-0.968750
1.101562
0.664062
-0.351562
-0.179688
-0.429688
-0.468750
-0.312500
-1.898439
-0.132812
-2.054688
0.867188
-0.124999
-1.664062
-1.460936
0.937499
0.242190
-0.539064
-1.695312
-0.367189
-1.257812
-1.226562
-1.703125
-0.039062
0.265625
-0.367188
-0.070312
0.773436
-1.085937
-0.804688
-0.875001
-1.070312
1.070312
-1.843750
-0.171875
0.812499
-1.914064
1.312500
1.789062
-1.125000
0.726564
-2.070313
-1.812499
0.367186
-1.296875
-1.351562
0.562501
-0.179690
0.249999
-1.328123
-0.468750
-2.093750
-1.382813
-0.976561
-0.742187
-0.679689
0.773437
-0.898438
0.039062
0.312500
-0.156250
-1.007813
-2.046875
-1.812500
-1.015625
0.703125
0.656250
-1.859375
-0.773438
-0.625000
1.593750
0.921875
1.945313
1.242188
1.781250
0.117188
-0.718750
-0.429688
-0.593750
-1.367188
0.296875
-1.046875
-0.484375
0.273438
0.867188
-0.664062
0.500000
-0.351562
0.992188
-1.078125
0.390625
0.101562
1.085938
1.984375
-0.179688
-0.203125
0.796875
-0.593750
-1.093750
-0.250000
-0.414062
0.179688
-0.757812
-0.312501
-0.515625
-0.117188
-0.500000
-0.671875
0.687500
0.671875
-1.281250
0.875000
-0.117188
0.078125
0.093750
1.070312
-1.640625
0.984375
0.039062
-0.351562
0.039062
-0.367188
-0.054688
0.093750
-0.007812
0.031250
-0.039062
-1.656250
0.593750
-0.507812
-0.406250
0.039062
1.679688
-1.562500
0.515625
-0.218750
0.914062
0.445312
1.140625
-0.898438
-0.539062
1.320312
-0.078125
1.406250
-1.203125
-0.132812
-1.820312
1.789062
0.664062
-1.718750
-0.507812
1.156250
-1.289062
-1.273438
0.406250
0.031250
-0.382812
0.468750
1.320312
0.015625
-0.148438
0.062500
0.062500
1.296875
-0.078125
0.648438
-0.226562
0.312500
-0.351562
0.375000
-0.250000
0.804688
-0.539062
0.179688
1.023438
-0.210938
0.882812
0.718750
0.101562
0.117188
0.179688
0.976562
0.375001
-0.914062
0.328125
-0.601562
-1.882812
1.171875
-0.632812
0.039062
-1.898438
1.484375
-0.273438
-1.945312
1.296875
1.578125
-1.773438
-0.312500
0.328124
-0.070313
-0.101561
0.570312
0.343750
0.398438
2.023438
-0.765624
-0.843752
-0.375000
0.109376
0.093751
-1.125000
1.156250
-0.273439
-0.078123
-1.804688
1.570314
-0.312500
-0.476564
0.804688
-1.640625
1.812499
-0.468750
2.023438
-1.734374
1.789064
-1.328125
2.109375
-1.703125
-0.703124
-1.078125
-0.765626
1.523437
-0.914062
-0.101562
0.765625
-1.015625
-0.835938
0.164062
-0.140625
-0.171875
-0.679688
1.195312
-0.382812
-0.953125
0.320312
-0.343750
-0.781250
0.476562
0.101562
-1.734375
0.140625
1.843750
1.671875
0.453125
0.132812
0.921875
0.828125
-0.781250
0.828125
-0.804688
0.843750
-1.875000
-1.320312
0.523438
-1.093750
-0.734375
0.195312
1.000000
1.164062
-1.851562
-1.578125
0.601562
-1.781250
-1.562500
1.023438
1.539062
1.203125
-1.984375
0.125000
1.164062
-0.875000
1.226562
-0.429688
-1.226562
1.148438
-0.156251
0.273439
1.734376
-1.679688
-1.468749
0.257810
-0.046875
0.968750
1.179688
-1.484375
-1.273438
1.359375
1.125000
1.554688
-1.593750
1.812500
1.953124
1.335938
-1.171875
-0.421875
-0.929688
1.406250
0.750000
-1.054688
0.945312
-1.171875
0.734375
-0.578125
-0.507812
0.867188
-0.078125
0.664062
-0.531250
-0.515625
1.156250
-0.617188
0.828125
-0.468750
1.648438
-1.203125
1.031250
-0.625000
1.460938
1.726562
0.710938
0.953125
0.765625
1.421875
1.359375
-1.328125
-1.640625
0.468750
-0.625000
1.328125
-1.265625
0.609375
0.500000
0.757812
0.984375
1.296875
-1.492188
-1.734375
-0.945312
-1.796875
-1.726562
1.906250
-0.210938
-0.398438
0.953125
-1.710938
0.953125
1.171875
-0.367188
-1.390625
1.632812
-0.875000
-0.812500
0.273438
0.554688
-0.734375
0.070312
-0.125000
0.546875
0.460938
-0.953125
0.359375
0.476562
0.140625
-0.304688
-0.218750
-1.460938
-1.000000
-1.226562
-0.953125
1.828125
-0.898438
1.273438
-0.984375
1.406250
-0.976562
0.203125
-1.523438
1.742188
-1.757812
-1.476562
0.273438
0.679688
-1.210938
-0.359375
0.718750
1.179687
1.312499
0.750002
-0.695312
1.015625
-0.234374
1.585938
-1.578125
0.320312
-2.046875
-0.210938
-0.031248
1.679685
-0.148438
-1.140623
0.312500
0.132812
0.476562
-1.617189
2.007812
1.507812
-0.117188
1.265625
-0.617188
-0.921875
1.617188
0.804688
-0.820312
-0.234375
-1.312500
0.585938
0.656250
-0.070312
0.546875
0.070313
-0.539062
0.320312
-0.750000
1.335938
-1.570312
-0.937500
1.429688
-1.281250
1.359375
-1.656250
-1.000000
1.218750
0.375000
-0.070312
0.179688
-0.617188
0.531250
1.125000
-0.257812
0.117188
-1.218750
0.531250
-0.359375
1.570312
-0.710938
-0.195312
0.804688
-1.640625
0.429688
1.648438
0.320312
-0.656250
0.937500
-1.429688
-1.000000
1.164062
0.867188
-1.898438
-0.093750
1.734375
-1.632812
1.093750
0.101562
-1.773438
1.578125
1.648437
-0.601562
1.796875
0.226562
0.906250
-0.593750
0.453125
-1.000000
-0.250000
1.445312
-1.000000
0.359375
1.273438
0.953125
1.578125
0.062500
0.632812
-1.210938
1.195312
0.046875
0.710938
-1.640625
-0.226562
-0.945312
0.367188
1.554688
1.476562
0.843750
-1.328125
0.281250
-0.742188
0.320312
1.750000
-0.453125
1.507812
-1.546875
-0.078125
1.593750
-1.156250
-0.406250
-0.109375
1.515625
-0.609375
0.390625
-1.609375
-0.109375
-1.656250
0.406250
-0.132812
1.906250
-0.085938
1.140625
-0.773438
1.046875
0.851562
1.648438
-0.773438
-0.304688
-0.515625
-0.382812
-1.812500
1.179688
-1.500000
0.335938
0.976562
-1.421875
-1.429688
-0.554688
0.882812
0.585938
-1.281250
0.859375
-0.414062
-1.500000
0.023438
1.648438
-1.835938
-0.929688
0.132812
-0.156250
-0.593750
-0.546875
0.976562
-1.085938
0.984375
-1.515625
1.062500
-1.304688
-1.187500
-1.710938
0.117188
-1.679688
-0.875000
1.164062
0.937500
1.445312
1.289062
-1.968750
-0.687500
-1.289062
-1.039062
1.312500
0.171875
-0.742188
1.421875
0.890625
1.640625
0.242188
0.117188
-0.742188
0.382812
-1.039062
0.773438
0.664062
0.867188
1.914062
-0.992188
-1.617188
0.546875
0.625000
-1.968750
1.898438
1.265625
-1.640625
0.101562
-1.757812
-0.320312
-1.687500
1.546875
0.320312
0.710938
-1.703125
1.765625
1.281250
-1.812500
-0.898438
-0.359375
1.703125
1.031250
1.718750
1.070312
0.476562
-0.726562
-0.539062
-1.062500
-0.968750
1.937500
-0.898438
-1.085938
0.531250
-0.890625
0.656250
-0.781250
0.359375
1.632812
0.359375
-0.406250
-1.109375
1.867188
-1.250000
-0.429688
-0.023438
0.382812
-1.171875
-0.023438
-0.156250
-0.039062
-0.289062
-0.492188
-0.320312
-0.007812
0.195312
0.093750
1.304688
0.304688
-0.898438
0.054688
-0.265625
0.406250
1.375000
-0.093750
-1.031250
-0.406250
-0.109375
0.312500
0.320312
-0.476562
0.828125
-0.156250
1.187500
0.390625
-0.421875
-0.257812
-1.359375
0.835938
-0.703125
-1.062500
-0.218750
-0.132812
0.000000
0.203125
0.187500
-0.101562
-0.234375
-0.015625
0.515625
-0.773438
0.796875
0.351562
0.000000
0.250000
-0.882812
0.796875
-0.078125
0.359375
-0.859375
0.875000
-0.820312
0.164062
-0.335938
0.031250
0.390625
-0.398438
0.304688
-0.750000
-1.625000
-0.648438
0.507812
1.265625
0.953125
0.132812
0.406250
1.000000
1.359375
0.570312
-1.617188
1.148438
-0.273438
0.812500
-1.210938
-0.648438
0.734375
-0.695312
-0.414062
-0.250000
0.609375
0.343750
-1.687500
1.484375
-0.187500
0.031250
-0.265625
0.406250
-0.539062
-0.617188
0.265625
0.320312
-0.148438
-1.460938
1.351562
1.476562
-0.343750
-1.085938
1.664062
-0.140625
-1.281250
0.625000
-0.062500
-1.609375
-0.617188
1.179688
-0.515625
0.757812
-0.414062
-0.960938
-0.015625
0.328125
1.210938
-0.718750
-0.484375
-1.210938
1.023438
0.148438
1.257812
0.023438
-0.132812
-0.125000
-0.578125
-0.281250
0.609375
-0.046875
-0.054688
-0.468750
0.406250
0.445312
0.015625
-0.992188
-0.367188
1.281250
-0.859375
1.164062
-1.812500
1.968750
1.273438
-1.742188
-1.296875
1.601562
-0.164062
0.625000
-0.617188
-0.312500
0.414062
0.390625
-0.539062
-0.054688
0.007812
0.750000
-0.218750
-0.085938
0.421875
-0.070312
-0.156250
-0.132812
-1.898438
1.851562
1.820312
1.179688
-0.585938
0.007812
-1.148438
0.867188
-0.007812
0.007812
-0.257812
-0.390625
1.226562
-0.296875
0.484375
-0.835938
1.421875
0.000000
-0.671875
-0.117188
-1.085938
1.968750
0.039062
0.492188
-0.531250
0.164062
0.117188
0.171875
-0.015625
-0.296875
-0.375000
1.351562
-1.117188
-0.054688
0.460938
-0.078125
-0.859375
1.218750
-1.234375
1.375000
-0.781250
0.585938
-0.953125
0.718750
0.101562
-0.671875
0.664062
-0.570312
-0.226562
0.484375
1.414062
-1.281250
-0.195312
-0.257812
0.695312
-0.398438
0.679688
-1.046875
-0.132812
0.375000
0.367188
-0.804688
0.914062
-0.867188
0.953125
0.296875
-1.203125
0.679688
-0.015625
-0.140625
-0.289062
-0.500000
1.312500
0.046875
-0.195312
0.343750
-0.179688
0.296875
-0.031250
-0.656250
1.210938
-0.664062
0.164062
-0.843750
0.601562
-0.125000
0.109375
0.398438
-0.648438
0.710938
-0.953125
0.914062
-0.632812
-0.171875
1.171875
-0.585938
-0.390625
0.632812
-0.164062
-0.203125
-0.343750
0.617188
-0.296875
0.265625
-0.429688
-0.156250
0.414062
0.039062
-0.085938
0.289062
-1.281250
0.984375
0.195312
-1.000000
0.656250
0.468750
-0.156250
-0.812500
0.562500
0.539062
0.015625
-0.171875
-1.164062
1.234375
0.367188
1.476562
-0.132812
0.453125
0.351562
-0.515625
-0.078125
-0.046875
0.914062
0.546875
-0.617188
-1.656250
0.148438
0.726562
-0.054688
-0.203125
-0.460938
1.546875
-1.156250
-0.148438
0.648438
-0.242188
0.062500
-0.109375
0.156250
-0.398438
-0.140625
0.257812
-0.156250
-0.445312
-1.937500
-0.023438
-0.679688
-1.968750
-1.804688
-1.132812
0.679688
0.390625
-0.046875
0.140625
-0.773438
-0.273438
0.828125
-1.273438
0.976562
-0.023438
-0.015625
-0.187500
0.210938
0.062500
-0.437500
0.210938
-0.187500
1.101562
1.109375
-0.914062
1.640625
-0.515625
0.453125
-1.585938
-1.031250
0.257812
0.242188
-0.273438
-1.039062
-2.023438
0.765624
0.921877
-0.125000
0.945312
1.757812
0.851562
1.750000
0.843750
-1.242188
0.875000
-1.718750
1.976562
1.187500
0.507812
0.234375
-1.703125
-0.968750
-0.039062
-0.335938
-0.078125
-0.492188
-0.507812
0.593750
-0.679688
0.812500
-0.296875
-1.015625
1.460938
-0.078125
0.414062
-0.304688
0.281250
-1.000000
1.382812
-0.328125
-0.484375
0.085938
-0.210938
-0.062500
0.234375
0.312500
-0.343750
0.281250
-0.921875
1.062500
-0.375000
0.242188
-0.562500
0.734375
-0.585938
0.234375
0.421875
-0.296875
-0.117188
0.359375
-0.523438
-0.414062
0.687500
-0.023438
-0.476562
0.523438
0.242188
-0.351562
-0.093750
0.195312
-0.882812
1.531250
-0.515625
-0.117188
-1.632812
1.546875
0.226562
0.679688
-0.078125
1.062500
-0.632812
0.070312
0.234375
-0.375000
1.265625
-1.257812
-0.101562
0.710938
-0.398438
0.062500
0.398438
-0.179688
-0.695312
0.289062
0.062500
0.906250
-0.437500
-0.093750
-0.507812
-0.664062
-0.695312
0.468750
-0.367188
0.273438
0.265625
-0.726562
-0.015625
-0.640625
0.609375
-0.062500
0.109375
0.085938
-0.242188
0.250000
0.265625
-0.679688
0.101562
0.789062
-1.265625
0.773438
0.453125
0.187500
-1.132812
-0.328125
1.078125
-0.125000
0.187500
-0.835938
-1.523438
0.179688
0.914062
1.328125
-1.023438
0.640625
-0.046875
0.148438
0.304688
0.500000
-0.062500
0.375000
-0.460938
0.539062
0.062500
-0.265625
0.265625
0.429688
-1.156250
-1.687500
-0.531250
-1.054688
0.820312
0.546875
-0.015625
-0.375000
-1.140625
1.789062
0.187500
-0.664062
-0.507812
0.398438
0.015625
0.257812
0.546875
-0.617188
-0.585938
0.554688
0.218750
-0.007812
-0.585938
-0.031250
-0.335938
0.109375
1.070312
-1.617188
0.421875
-1.617188
0.765625
-0.718750
0.890625
-1.289062
1.328125
-1.960938
1.671875
-0.234375
-0.437500
0.429688
0.078125
-0.140625
-0.289062
0.359375
0.453125
-0.164062
-0.257812
-0.640625
1.031250
-0.187500
0.375000
-0.421875
0.484375
-1.250000
-1.093750
1.210938
0.015625
0.710938
1.007812
1.250000
-1.054688
-0.468750
0.414062
0.390625
0.046875
-0.218750
-0.468750
-1.101562
0.109375
-1.281250
-0.382812
0.875000
-0.195312
0.289062
1.632812
-1.156250
-0.718750
-0.414062
0.710938
-0.250000
-0.039062
-0.945312
1.257812
0.312500
0.242188
0.476562
0.734375
-0.132812
0.609375
-1.914062
1.039062
-0.140625
0.125000
-1.562500
0.132812
1.375000
-1.781250
1.718750
0.156250
-1.867188
-1.242188
1.960938
0.914062
0.375000
0.718750
-1.257812
0.046875
0.867188
-1.828125
-0.500000
0.390625
0.023437
-1.507812
1.796874
-1.820312
0.992186
0.343750
-1.343748
-1.031251
1.921874
1.679688
2.070313
0.507812
-0.062501
-1.726563
-1.062500
-0.570312
-0.890625
0.578125
0.164062
-0.734375
-1.296875
0.609375
0.460938
-1.773438
0.492188
0.242186
0.093752
-0.671876
-1.625000
0.335938
-0.296875
0.570312
-1.046875
-0.265625
-1.046875
-0.289062
-1.992188
2.007812
1.187500
0.984375
-1.523436
1.945313
-0.296875
-1.570313
-0.523438
1.460938
-1.210938
-1.429687
1.632812
-1.914062
-1.195312
-1.046875
-1.281250
-0.773438
0.507812
-1.734375
1.359375
-1.070312
0.187500
0.007812
-0.265625
-0.351562
1.265625
-0.218750
-0.421875
-0.953125
-0.585938
-0.070312
1.664062
-0.578125
0.492188
-1.039062
-0.406250
-0.976562
0.757812
-1.960938
-1.328125
-0.460938
0.453125
-0.507812
0.835938
-1.015625
-1.585938
1.437500
-0.679688
0.039062
1.226562
1.781250
-1.328125
0.960938
-0.195312
-0.203125
1.210938
0.039062
-0.726562
0.609375
0.117188
-0.367188
1.757812
-1.554688
1.867188
0.015625
-1.921875
-0.101562
1.640625
0.406250
0.507812
1.078125
-0.296875
-0.304688
0.109375
-0.023438
-1.914062
-0.749999
-0.054687
1.382812
-1.046874
-1.351562
0.257812
-2.078126
1.203125
-0.156250
0.367187
-0.648438
-0.632813
-1.031250
0.960938
-1.390625
0.335938
0.382812
1.007812
0.703125
-0.101562
-1.164062
1.312500
-0.867188
-0.507812
1.859375
0.031250
-1.671875
0.250000
-0.570312
0.250000
0.742188
-0.726562
1.875000
-0.984375
0.289062
-1.218750
0.703125
-0.453125
0.320312
1.031250
-1.851562
1.218750
-0.882812
0.132812
0.375000
-0.039062
0.062500
-0.406250
1.296875
-0.773438
-0.539062
-0.382812
1.000000
-0.132812
-0.398438
0.718750
-0.437500
0.148438
-0.273438
0.046875
0.562500
-0.656250
1.382812
-1.500000
1.507812
1.687500
-0.976562
-1.914062
1.796875
-1.875000
-0.101562
0.265625
-0.375000
-0.078125
-0.101562
1.507812
-1.523438
1.531250
1.046875
-1.867188
0.140625
0.164062
-1.187500
-0.218750
-0.312500
-1.976562
1.289062
-0.539062
0.101562
0.023438
-0.562500
0.015625
-0.750000
0.664062
1.851562
-1.250000
-1.312499
1.679688
0.414062
-2.000000
1.859375
-1.812500
-1.054688
0.273438
-0.015625
0.539062
0.164062
-0.398438
0.445312
0.242188
-0.375000
0.179688
-0.265625
-0.062500
0.773438
-0.507812
-0.382812
0.015625
0.078125
0.265625
0.031250
0.031250
-0.539062
0.523438
-0.007812
-0.257812
0.570312
-0.093750
-0.328125
-0.023438
0.312500
-0.398438
0.515625
-1.054688
0.914062
0.039062
-0.453125
-0.265625
0.828125
-0.226562
0.312500
-0.570312
0.187500
-0.593750
0.242188
0.304688
-0.257812
0.101562
1.617188
0.632812
0.000000
0.617188
-0.578125
0.148438
0.015625
0.851562
-0.046875
-0.312500
-0.750000
0.742188
-0.093750
0.320312
-1.140625
-0.210938
-0.375000
1.078125
-0.390625
-0.070312
0.414062
-1.921875
1.945312
-0.570312
0.343750
-0.476562
-0.039062
0.773438
-0.046875
-0.078125
-0.242188
-0.726562
0.140625
0.578125
0.140625
-0.929688
0.320312
0.531250
-0.523438
0.601562
0.656250
-0.531250
-0.398438
0.585938
-1.171875
0.742188
-0.695312
0.695312
0.328125
1.671875
1.687500
-0.148438
-0.335938
1.507812
-1.437500
1.617188
0.320312
-0.945312
1.101562
-1.562500
-1.210938
-1.093750
-0.140625
0.109375
0.335938
0.757812
-0.367188
0.085938
-0.773438
-0.054688
0.382812
0.257812
-0.476562
0.367188
0.156250
-0.625000
1.015625
-0.632812
0.437500
0.117188
-0.671875
-0.843750
1.820312
-0.859375
0.132812
0.406250
-1.773438
1.132812
0.515625
0.312500
-1.070312
1.039062
-0.234375
-1.632812
0.828125
0.664062
0.007812
-0.289062
0.359375
0.085938
0.398438
-1.195312
1.039062
-1.765625
-0.882812
0.335938
1.742188
-1.562500
0.109375
0.203125
-0.585938
0.492188
-0.375000
-0.062500
0.804688
-0.703125
0.117188
0.390625
-0.093750
-1.390625
0.851562
0.335938
1.281250
-1.031250
-0.968750
0.898438
1.796875
0.484375
1.234375
-0.335938
0.734375
1.703125
-0.718750
0.078125
1.820312
0.085938
0.085938
0.265625
-1.039062
-1.601562
0.437500
-0.054688
-0.257812
-0.031250
1.390625
1.796875
1.320312
-0.742188
-0.539062
-1.937500
0.375000
0.257812
1.992188
0.453125
-0.320312
-0.421875
0.203125
0.859375
-1.984375
-1.648438
-1.007812
-1.992188
-1.617188
0.828125
1.039062
-0.046875
-1.390625
1.414062
0.234375
-1.843750
1.593750
0.953125
1.578125
0.773438
-0.687500
-0.968750
-1.671875
1.726562
-1.796875
0.757812
1.265625
0.203125
1.453125
0.937500
1.015625
-0.039062
-0.218750
-0.242188
0.921875
1.742188
-0.976562
-0.281250
-1.234375
0.890625
-0.812500
1.453125
0.882812
-0.992188
-0.843750
0.312500
0.679688
2.046875
0.492189
-1.210937
1.945312
-1.453125
-0.820312
1.578125
-0.765625
0.953125
-1.734375
0.960938
-2.046875
-1.148438
-1.515624
0.007813
-1.359375
-1.546875
0.835938
-0.414062
0.500000
-0.640625
-0.765625
1.125000
0.765625
-0.054688
-0.148438
1.398438
0.437500
0.203125
1.210938
-1.429688
0.960938
0.507812
-0.648438
-0.750000
-0.773438
0.289062
1.617188
0.140625
0.281250
0.757812
0.750000
-1.437500
0.734375
1.117188
-0.453125
-1.210938
1.039062
-1.914062
1.421875
1.273438
0.375000
-0.648438
0.257812
0.554688
-0.179688
-0.117188
0.148438
-0.382812
-0.468750
0.007812
1.421875
-0.367188
-0.953125
-0.125000
-0.742188
0.609375
0.601562
0.601562
1.304688
0.757812
0.710938
1.007812
1.351562
-0.257812
1.812500
0.257812
0.046875
1.851562
-1.023438
-1.734375
-0.601562
1.921875
-1.625000
0.265625
-1.203125
1.781250
0.976562
0.726562
-1.359373
-0.320315
0.039061
1.093750
1.367188
-0.023438
1.656248
-1.960938
1.218750
-0.492188
1.664062
1.734375
0.226562
-1.195312
-1.875000
0.195312
-1.007812
1.054688
-1.648438
-0.351562
-0.015625
0.187500
-0.460938
0.578125
0.093750
-0.804688
1.515625
0.882814
0.375000
-0.648438
-1.312500
0.796875
1.039062
-0.609375
-0.289062
-0.156250
0.695312
0.234375
0.335938
0.460938
-1.882812
-1.031250
-0.351562
1.304688
1.726562
-0.367188
1.070312
-0.578125
1.195312
1.468750
-0.546875
-0.617188
0.507812
-1.570312
1.500000
-0.625000
0.062500
0.320312
-0.007812
-1.679688
0.062500
0.343750
0.453125
-0.734375
-0.179688
0.515625
-0.101562
-0.085938
-0.031250
0.445312
-0.398438
1.492188
-1.656250
0.562500
-0.375000
1.039062
0.757812
0.976562
-0.945312
1.218750
-1.164062
0.406250
0.984375
-0.453125
-0.562500
0.226562
0.218750
-0.601562
0.421875
0.343750
-0.601562
0.125000
-1.390625
1.101562
1.984375
0.023438
1.476562
1.281250
0.164062
-0.328125
0.804688
-0.218750
-0.265625
-0.039062
0.304688
-0.546875
0.421875
-1.734375
0.664062
0.492188
0.601562
1.750000
0.406250
0.476563
0.953126
0.578125
2.023439
1.851562
-0.812500
-0.023438
-1.710938
1.218750
0.914062
-1.835938
0.398438
0.164062
0.054688
0.757812
-1.156250
0.531250
0.117188
-0.187500
0.710938
-1.367188
-0.492188
0.765625
0.789062
1.515625
-1.765625
-0.445312
0.390625
1.476562
1.765625
0.429688
-1.367188
-0.773438
-0.390625
1.281250
-0.546875
-0.125000
0.414062
-1.945312
0.882812
0.312500
-0.046875
-0.015625
1.093750
-1.453125
0.046875
-0.210938
1.210938
-1.078125
1.406250
-0.742188
1.171875
1.015625
-0.476562
-2.093748
0.328125
-0.695313
-1.367188
-1.812500
1.156250
-1.000000
2.007814
-1.414063
-1.203125
1.773437
-0.578125
-0.625000
-0.234375
0.718750
-1.132812
0.062500
0.250000
0.437500
-0.367188
0.015625
-0.125000
0.664062
-0.414062
0.648438
1.070312
1.734375
0.203125
1.679688
-1.140625
-1.671875
1.679688
1.039062
0.531250
-0.757812
-1.570312
-1.054688
-0.609375
1.460938
-1.523438
-1.687500
0.898437
-1.351561
-0.765625
0.257814
0.070313
0.765626
-1.093750
-0.929688
0.210938
-0.078125
0.054688
0.882812
-1.359375
0.867188
-0.054688
0.101562
-0.132812
-0.585938
0.640625
0.070312
0.015625
-0.593750
0.328125
0.484375
-0.335938
0.359375
-0.210938
-0.835938
-2.062500
-0.156248
-0.109375
-0.148438
1.320312
-0.851562
0.468750
-1.820314
-0.632810
-0.695313
-0.914062
-1.398438
-1.265625
-0.343750
0.664062
1.234375
0.929688
-0.125000
-1.453125
-1.570312
-0.921875
-0.843750
-0.601562
-0.109375
-0.156250
-0.367188
1.906250
0.257812
-1.179688
1.210938
-0.390625
0.023438
0.140625
-0.093750
0.632812
-0.664062
0.117188
-0.062500
-0.031250
0.062500
0.203125
-0.132812
0.195312
-0.453125
-0.906250
-1.593750
-2.031250
1.656249
-1.031250
1.960938
0.320312
-1.859375
0.632812
-0.539062
0.406250
0.351562
-1.507814
-1.078125
-0.414062
2.062500
0.156248
-0.632811
-0.015625
-0.851563
-0.398436
0.140623
0.445314
0.554687
-1.445312
-1.703125
-0.039063
1.265623
-0.296875
-0.937500
-0.062499
-0.359374
1.382814
0.671875
0.507812
-1.687500
-1.250000
-0.328125
-1.765625
0.109375
0.648438
-0.234375
0.593750
-0.828125
0.640625
-1.039062
1.187500
0.195312
1.953125
-0.992188
1.070312
-1.054688
0.570312
-0.703125
0.570312
0.671875
0.109375
-1.398438
-0.734375
0.742188
-0.914062
-0.171875
-1.648438
-1.476562
0.796875
1.937500
-0.046875
-1.968750
-0.664062
1.101562
-0.859375
-1.640625
-1.421875
-1.734375
0.078125
-0.234375
-0.273438
1.843750
-0.765625
1.929688
-0.648438
0.531250
-0.601562
0.195312
1.390625
0.429688
-0.039062
0.007812
0.046875
-0.078125
-0.351562
-0.601562
1.085938
-0.781250
0.742188
-0.031250
-0.382812
0.406250
-0.062500
0.250000
-0.054688
-0.953125
0.726562
0.140625
-1.203125
1.554688
-0.812500
-0.789062
-0.539062
-0.320312
0.562500
0.187500
-0.570312
0.851562
-0.492188
-0.031250
-1.335938
1.750000
0.250000
-0.539062
-0.750000
0.468750
-0.742188
0.492188
1.828125
1.367188
-1.742188
-1.164062
1.195312
-0.359375
1.296875
1.460938
-1.812500
-1.875000
-0.187500
0.390625
-0.484375
0.617188
-0.625000
0.312500
0.210938
-0.890625
-0.070312
0.062500
0.203125
0.632812
-0.250000
-0.343750
-0.234375
0.585938
0.562500
-1.570312
0.851562
0.140625
-0.039062
-0.414062
0.429688
0.210938
-0.304688
-0.171875
0.015625
0.023438
0.078125
0.835938
-1.429688
0.640625
0.296875
0.218750
-1.429688
0.976562
-0.101562
1.343750
-1.765625
0.007812
0.226562
1.625000
1.171875
0.007812
0.046875
-0.226562
-0.187500
0.406250
-0.164062
-0.179688
0.843750
-0.218750
-0.593750
0.218750
-0.601562
0.820312
-0.835938
-0.375000
0.046875
0.148438
0.992188
-1.250000
0.437500
1.125000
-1.828125
-0.570312
1.156250
-0.335938
0.718750
-0.945312
0.820312
0.296875
-0.289062
0.429688
1.000000
-0.328125
-1.328125
0.226562
-0.703125
-1.804688
-0.554688
-0.734375
0.750000
0.539062
-1.507812
-0.476562
-0.375000
-0.578125
0.101562
2.109375
-0.734375
0.437500
-0.531250
0.703125
-0.187500
-0.164062
1.742188
-0.335938
-1.070312
1.742188
-0.867188
-0.070312
0.679688
1.085938
-0.250000
1.781250
-0.570312
-0.796875
0.359375
0.984375
-0.304688
0.265625
-1.585938
0.085938
0.140625
-1.039062
-0.265625
1.687500
-1.296875
0.960938
-0.023438
0.218750
-0.460938
-1.062500
1.820312
-1.804688
0.164062
0.554688
-0.078125
-0.296875
-0.203125
1.054688
-0.062500
-0.320312
-0.109375
0.742188
-1.085938
0.273438
0.835938
-0.281250
-0.968750
-0.023438
1.546875
-0.632812
0.273438
-0.679688
0.523438
0.171875
1.687500
-0.218750
-0.460938
-0.757812
-1.562500
-1.406250
-1.187500
-0.765625
1.437500
-1.429688
1.156250
0.164062
0.375000
-1.640625
-0.062500
-0.335938
0.914062
-0.406250
0.703125
-0.101562
0.179688
0.367188
-0.820312
-0.070312
1.484375
-0.515625
-1.492188
0.742188
-0.039062
-0.132812
1.765625
1.312500
-0.906250
1.437500
-0.992188
-0.195312
1.570312
1.812500
0.023438
-1.882812
-1.882812
0.281250
-0.984375
0.625000
0.085938
-0.367188
0.398438
-0.015625
-1.046875
0.109375
0.687500
0.039062
-0.562500
0.171875
0.132812
0.164062
0.164062
-1.359375
0.578125
1.070312
1.046875
-1.375000
1.351562
1.406250
-0.234375
0.132812
-0.101562
0.054688
-0.109375
-1.804688
0.750000
-0.210938
-0.523438
0.039062
-1.671875
-0.406250
0.351562
-0.617188
-0.468750
1.460938
1.273438
-1.898438
0.890625
0.242188
-1.203125
-0.757812
-1.843749
0.460936
-1.507812
1.031250
-0.585938
0.054688
0.359375
0.734375
0.289062
-0.359375
0.671875
0.867188
0.289062
-0.242188
0.070312
0.125000
-0.093750
0.257812
0.890625
0.914062
1.445312
-0.515625
-0.203125
0.335938
0.320312
0.468750
-1.906250
1.359375
-0.453125
0.296875
-0.132812
-0.101562
-0.351562
0.742188
0.585938
-1.656250
0.375000
0.757812
-0.562500
-0.437500
0.773438
-0.453125
1.085938
-1.242188
0.718750
-0.312500
0.750000
1.664062
0.062500
0.578125
-1.210938
0.179688
0.031250
0.117188
-0.085938
-0.132812
0.312500
-0.367188
0.570312
0.226562
-0.078125
-0.593750
0.101562
-0.671875
0.695312
0.867188
-0.648438
-0.203125
-0.070312
0.296875
-0.765625
0.976562
-0.312500
0.531250
-0.726562
0.656250
0.273438
0.296875
-1.101562
-1.867188
-0.554688
0.085938
0.328125
-0.460938
0.093750
0.585938
0.460938
1.804688
-1.234375
1.257812
-0.710938
0.867188
-1.562500
0.570312
-0.492188
-0.437500
0.750000
-1.140625
-0.796875
1.320312
-0.960938
-0.984375
0.507812
0.171875
-0.109375
-0.687500
0.000000
1.101562
-1.156250
1.406250
0.859375
1.429688
1.210938
1.039062
0.921875
0.539062
1.945312
-1.023438
-1.179688
1.773438
-1.125000
-0.781250
1.429688
0.195312
-0.593750
0.937500
-1.343750
-0.562500
0.679688
0.000000
0.757812
-1.351562
1.703125
0.585938
-0.429688
-0.929688
1.382812
0.085938
-1.585938
1.687500
-1.867188
0.984375
0.359375
-0.132812
0.218750
-0.601562
-0.015625
-0.343750
1.210938
-0.875000
-0.304688
0.054688
0.187500
0.476562
-0.953125
-1.039062
0.039062
0.718751
1.015624
-1.648436
0.843750
-1.242190
1.242186
-0.835937
1.265625
-1.124998
-0.398437
0.031251
1.257811
-0.242189
0.867190
0.132813
-1.648438
1.039062
1.960938
0.984375
0.468750
-0.117188
-0.164062
1.757812
1.382812
-1.218750
0.398438
-0.109375
0.289062
1.226562
0.023438
1.039062
0.304688
0.531250
-0.953125
1.562500
1.070312
0.109375
1.531250
0.523438
0.476562
1.859375
-1.523438
1.750000
-0.578125
-0.789062
-0.929688
-0.992188
-1.515625
0.835938
-1.515624
-1.640625
2.078126
0.148438
-0.351562
0.914062
-2.070314
1.781250
-0.328126
1.062500
-1.015625
-0.289063
-0.226563
-0.992188
-1.781249
1.781251
0.234373
-0.007812
1.242189
0.656250
-0.320312
-0.023438
0.789062
-1.164062
1.195312
-1.289062
1.023438
-0.554688
0.937500
-1.187500
1.382812
0.109375
-1.062500
0.640625
-1.250000
1.359375
0.953125
-1.039062
0.648438
-0.968750
1.304688
-0.875000
0.156250
-0.125000
0.398438
-1.523438
0.812500
0.226562
0.171875
-0.390625
0.453125
0.921875
0.742188
0.796875
-1.609375
1.796875
0.570312
-0.351562
-0.765625
-1.335938
1.664062
0.679688
1.492188
-1.773438
1.476563
-0.218750
-1.960938
-0.867188
-2.062500
-1.234375
-2.117188
-0.445312
-0.156250
-1.273438
0.039062
0.859375
0.398438
1.078125
-1.351562
0.882812
0.718750
1.445312
-0.156250
0.656250
-0.242188
1.765625
1.976562
-1.765625
2.085938
0.585938
-1.398438
0.132812
1.015625
0.750000
-1.976562
-1.515625
1.601561
-0.085938
-1.585938
-1.687500
-0.148438
1.664062
-0.531250
-1.257812
-1.164062
0.929688
0.093750
0.164062
0.046875
-1.078125
0.601562
0.812500
0.796875
-1.921875
0.539062
-1.937500
0.085938
0.101562
-0.585938
-0.226562
0.554688
-0.132812
0.148438
-0.765625
0.929688
-0.187500
0.085938
-1.195312
0.992188
0.023438
0.968750
-1.468750
-0.398438
0.796875
0.664062
-0.312500
0.273438
-0.039062
-0.109375
0.679688
-0.867188
0.414062
-0.453125
0.828125
-0.625000
-0.351562
0.640625
-0.125000
0.828125
-1.421875
0.468750
0.390625
-0.500000
0.046875
1.835938
0.492188
-0.578125
0.500000
-0.140625
-0.492188
0.703125
-1.609375
1.351562
0.109375
-0.093750
0.218750
-0.687500
0.343750
0.195312
1.445312
-0.820312
-1.343750
1.257812
2.078124
-1.046875
1.921875
-1.718748
1.195312
-0.953125
0.875000
1.085938
-1.867188
-1.906250
-0.515625
-0.390625
-0.148438
-1.968750
-1.328125
0.242188
0.632812
-2.101560
0.203125
-0.765623
0.117188
-0.406250
2.046875
-0.750000
-1.195312
-1.281250
-1.000000
0.796875
-0.234375
0.437500
-0.328125
0.226562
-0.078125
-0.507812
0.757812
-0.390625
-0.984375
0.789062
0.257812
-1.039062
-0.156250
-0.656250
1.757812
0.171875
0.976562
1.523438
1.101564
-1.093750
-0.765625
1.773438
0.164064
1.187500
-0.609375
-1.515623
-1.554687
-2.000000
-1.906250
1.562500
-0.906250
-1.320312
-0.429688
-1.171875
-1.054688
-0.421875
-0.882812
-1.929688
1.898438
-1.773438
0.625000
-1.007812
0.828125
0.031250
0.218750
-0.359375
0.023438
0.328125
-1.640625
1.273438
1.601562
-1.914062
0.773438
1.875000
-0.484375
-1.937500
0.671875
-1.687500
0.937500
-0.289062
-0.593750
1.585938
2.101562
-0.054687
-0.195312
0.945312
-0.359375
-1.570312
-1.359375
0.320312
-0.500000
-0.250000
1.578125
0.656250
-1.898438
-1.117188
-1.835938
0.031250
0.296875
1.765625
1.257812
-1.625000
-1.468750
-1.125000
-1.109375
0.867188
1.390625
0.367189
0.249998
-1.453125
-1.218750
2.085938
-1.125000
1.796875
-0.398437
-1.593748
0.179688
0.937500
0.718750
-1.585940
-1.437499
1.398436
-1.835937
-0.500001
-0.804688
-2.054688
-0.453125
0.828125
-2.117188
-0.164062
-2.070312
1.453125
0.218750
-1.851562
-2.046875
2.015624
1.742188
1.148438
1.039061
-1.179688
-0.445312
2.062500
-0.390625
-0.500000
1.703125
1.382812
0.093750
0.085936
0.890626
0.640625
-0.812501
1.609375
1.492188
-0.148438
2.039062
-1.171875
-1.671875
-1.250000
-1.882814
1.421875
1.320311
-0.914060
0.578125
-1.226562
0.890625
-1.257814
1.679687
-0.687501
-0.929686
1.171874
0.390626
-1.445315
0.171876
0.078124
1.421876
-1.820312
1.062498
-1.101562
-2.054687
2.046873
-1.070312
0.054687
0.015626
-0.070314
-0.898438
1.312500
0.585938
-1.554686
1.328125
-0.695313
0.351565
-1.140627
1.109377
0.671875
-0.226562
0.164064
-2.054688
1.882813
-1.062499
1.492185
-0.257812
-0.906252
-1.046873
-0.000000
0.664062
-0.062501
0.320313
0.351562
0.226564
-1.164062
-1.132812
0.460938
1.609375
0.039062
-0.890625
1.265625
-1.226562
1.140625
-1.515625
0.859373
1.226562
-0.328125
0.531248
-0.023438
-0.921876
1.648438
1.164062
1.312499
-1.210938
1.484375
-0.281249
-1.812500
0.890624
-0.960938
1.562499
-1.468751
-1.585938
-1.539062
-1.906250
-0.953125
-0.765626
0.593750
-1.664062
0.820312
1.390625
0.968749
0.804688
0.250000
-1.171875
-0.039062
1.289062
-0.484375
0.148438
-0.039062
0.437500
0.242188
-1.484375
0.835938
1.937500
1.789062
1.117188
-0.250000
0.289062
-0.632812
0.726562
-0.023438
1.898438
1.406250
1.156250
0.968750
0.648438
-0.257812
1.445312
-0.109375
0.125000
1.671875
-1.273438
0.312500
-0.031250
0.523438
-0.539062
0.132812
-0.953125
0.453125
0.687500
0.171875
-0.515625
-0.156250
0.093750
-0.343750
0.921875
-0.117188
0.085938
-0.414062
0.234375
-0.460938
0.953125
-1.531250
0.992188
-0.328125
0.585938
-0.304688
-0.992188
0.734375
0.734375
-0.789062
0.359375
1.492188
-1.546875
0.109375
-1.539062
0.632812
-1.390625
0.578125
-0.640625
1.070312
-1.531250
-1.835938
1.312500
0.695312
0.226562
0.835938
-1.156250
1.546875
1.281250
-1.015625
0.023438
-0.531250
0.890625
0.679686
1.046876
0.460939
-1.960938
0.656251
0.929689
-0.875003
-1.281248
-0.304687
1.179688
-0.273438
0.250000
0.640625
-0.679687
0.500001
-0.109375
1.187501
-0.476562
1.882814
1.749999
-1.250001
-1.164062
-1.328125
-2.109375
-0.062500
-1.773436
-0.562499
1.523438
-1.999998
-2.046876
0.968750
1.820312
1.742186
-0.484374
1.593749
-0.773439
-0.953126
1.601565
1.304688
0.867187
1.992189
0.843749
0.695313
0.859375
-0.687500
-0.820312
0.203125
2.070312
1.585938
1.531250
1.640623
-1.812500
0.531250
-1.070312
0.937500
-0.414063
0.437499
-0.195312
1.062500
0.773438
-1.726562
1.578125
-0.437500
0.226562
-0.054688
0.210938
1.085938
0.843750
-1.804688
-1.984376
-0.804688
-0.671875
-1.421875
-0.499999
-1.492188
0.531251
-0.171874
-1.289062
-0.515625
-0.414062
0.210937
-1.945312
0.679688
1.117187
-0.851562
-0.468750
1.578125
-1.570312
1.726562
0.648438
-1.078125
-0.257812
1.835937
-0.960938
0.835938
0.023438
-0.453124
1.546874
-0.367186
-1.718751
-1.406249
1.562501
-0.851562
-1.453125
-0.304688
-1.664064
0.945312
1.742188
1.078125
-0.710938
2.062500
-0.015625
1.437500
0.375000
-1.453125
-1.085938
-0.992188
0.117188
-1.257813
-1.601561
0.093751
1.617188
0.359375
1.203125
-0.703125
-1.585938
-0.468750
-0.453125
-0.390625
1.335938
-0.031250
0.476562
0.953123
-1.062500
-0.140625
1.437500
-1.382812
1.499998
0.492188
1.757812
-0.304688
0.531250
-0.148438
0.125000
-0.468750
0.023438
0.929688
-0.984375
-0.203125
-0.750000
1.343751
-0.078126
0.804688
-0.187500
0.812500
-0.101562
-1.515625
0.679688
0.164062
1.375000
0.656250
-0.820312
1.585937
1.929686
-0.429687
-1.554688
-0.406249
1.679688
-0.640626
-0.742188
1.335938
1.257812
-0.242188
-1.359375
1.289062
0.617186
-1.898437
-1.375000
-0.953125
-1.898438
1.765626
-0.101564
0.039062
1.195312
1.187500
1.523438
-2.039061
-0.296875
-1.593751
1.312500
-1.328125
-1.640626
-1.218750
-1.578125
0.406250
-0.679688
0.140625
-1.023438
0.085938
0.429686
-1.132812
-0.109375
1.148438
-1.062500
0.499999
-0.859373
1.945310
-1.710935
-0.078125
-1.359375
0.132813
-1.468749
1.640624
1.031250
-1.734375
-0.007812
-0.289062
1.679687
-0.875000
-0.039063
1.445312
-2.039062
-0.320312
-1.882812
-0.984375
1.687500
0.609376
-0.093750
1.585939
1.859375
1.046875
-0.484375
0.031252
-1.632812
-0.109375
-1.539062
0.453125
-1.476562
-0.976562
-0.296875
0.179688
-1.109374
-1.921875
1.445313
-2.007812
1.750000
-1.312500
0.898437
-0.890624
2.070311
-1.617188
0.164063
1.492187
-1.687500
-0.476562
0.695312
1.968750
0.945312
1.429688
0.226562
-0.914062
1.992188
-1.500000
1.578125
-0.445312
0.593750
-1.445312
0.257813
-0.343750
-0.304688
-1.359374
-1.531250
0.039062
-1.554688
-1.687499
-0.578125
-1.398438
-0.031250
-0.687501
1.843752
0.085938
-0.070314
1.187500
0.289062
1.492188
0.343750
0.093750
0.187499
0.476562
1.242186
0.898438
1.648438
-0.148438
-1.914063
-0.335937
-1.351564
0.703126
-1.757812
1.812500
-0.140624
0.695312
1.109375
1.015625
0.031250
1.460938
-0.242188
1.296876
0.351562
-1.562502
1.750000
0.796875
1.414062
-1.726562
1.023438
1.539062
1.296875
0.656250
-1.093750
0.296874
-1.562500
-1.781249
0.437500
-1.874999
-1.812499
0.828125
1.906252
-1.015625
0.164062
-1.789063
1.421877
0.695312
-1.062499
0.320312
-0.937500
1.960938
1.585938
0.414062
0.382813
-2.101562
1.140626
1.273437
-1.453126
1.671875
-1.124999
-0.257812
1.835938
-1.289062
-0.734374
-1.929688
1.695314
1.351562
0.796876
-1.570313
-1.679687
1.015626
0.820312
-0.968750
0.132811
-1.398438
-0.085938
-0.046874
-0.945312
-0.187500
-0.039061
0.757810
-0.117188
1.921875
-1.156251
-1.242189
1.742189
-2.031251
-1.242188
-0.804689
-0.632812
-0.312499
0.375000
-1.367188
1.421874
-0.164063
0.820314
1.117187
-1.929688
-1.132811
0.070312
-1.234375
-0.976562
-0.226564
0.164062
0.882813
-0.671875
0.007812
-0.085938
-2.085937
-2.062499
1.242188
-1.710936
-1.898438
0.281249
-1.492187
1.789062
-1.101561
-0.015627
1.960937
1.679688
2.015625
1.804687
-1.437499
0.742185
1.398440
1.906250
0.148438
0.757813
-0.546875
-1.796875
0.859376
-1.664063
-0.249999
-2.054687
-0.304688
-0.781251
-0.460938
-1.492187
1.750000
0.523437
1.929687
0.234375
-0.882813
1.968750
0.484375
0.992188
-1.789063
1.328125
-2.000000
-1.445313
1.750000
0.140625
-0.101562
0.500001
-0.117187
1.382813
1.039061
-2.078124
-0.023438
-0.843750
0.085938
-2.054688
-0.554689
-0.523437
-1.085937
1.335938
-0.875000
1.117188
1.625000
-2.039063
-0.835938
0.023438
0.515625
1.093750
0.875000
1.703123
2.078125
1.492188
-1.250000
-0.148439
-0.835936
-1.484374
-0.484375
0.906251
-0.601562
1.625000
-1.906249
1.953125
-0.882814
1.664062
-2.062500
-1.429688
-0.507813
-1.546875
1.210939
-0.703127
1.164062
-1.968750
-0.046875
-0.109374
0.265625
0.953125
1.007812
0.468750
-1.257814
1.976562
-1.476562
-1.273438
0.742187
-0.499999
-1.125002
0.070311
-0.093749
1.062499
-0.515626
-1.789063
0.320313
-1.710939
-0.492188
0.960939
-0.570312
-2.117189
0.265628
0.492188
2.085938
-1.757814
0.460939
0.453125
0.421877
0.367188
2.093749
0.617187
2.101564
2.078126
0.289063
-1.164061
1.343749
-1.382814
-1.945312
0.242187
-1.015623
0.312500
-0.101562
-0.335940
-0.312497
0.367186
-0.062499
0.406249
-1.023438
1.421875
-1.375000
0.070311
-1.078125
0.359375
1.273436
-0.999999
0.562499
-0.867188
0.984377
-1.093749
0.578125
0.843750
-1.156252
0.867189
-0.070313
0.320312
-1.929686
0.031250
-0.960936
0.843750
-2.117190
-0.406250
1.398437
-2.093750
-1.851562
-1.273437
1.937498
1.726562
-1.359375
-1.382812
-0.906250
-0.156249
-0.054688
1.953125
0.328125
1.093750
1.250000
1.093749
0.414062
-0.796875
-0.359374
-0.343751
-0.343751
-1.367187
-1.945313
-0.140625
-1.242188
-0.914062
-1.773438
-0.500000
-0.929688
1.804688
1.257812
1.656250
-0.085938
-0.242188
-0.023437
1.554688
1.867188
1.093750
0.882812
0.289062
-1.406250
-0.882811
0.812500
1.632812
-0.835937
-0.437500
-0.703126
0.375001
1.093750
1.210937
-1.289064
-0.148438
1.187500
-0.859375
-1.984375
0.976562
1.953125
1.492188
-1.632812
-0.281250
-0.859375
1.078125
-0.937500
-1.062500
-0.164063
-1.539062
1.195311
-0.343748
-1.968753
1.632813
0.656252
-0.726564
-0.695312
-1.375001
1.031250
-1.117188
-1.093750
-0.406250
0.414062
-1.062500
0.281250
-0.414062
1.304688
-1.281250
-0.125000
1.804688
0.648438
1.007812
-0.210938
-0.812500
-0.468750
0.992188
0.335938
1.023438
1.687500
0.289062
-1.632812
1.523438
-0.367188
-0.742188
1.093750
-0.562500
0.625000
-1.515625
1.382812
-0.429688
-0.039062
0.382812
-0.921875
-0.289062
-0.015625
0.984375
-0.882812
1.648438
-0.882812
-0.468750
1.570312
0.062500
0.234375
0.796875
0.617188
-0.085938
0.765625
0.562500
-0.195312
-0.734375
-0.007812
0.953125
-1.343750
0.484375
-0.125000
0.531250
0.187500
-0.320312
0.484375
-0.398438
-0.867188
1.304688
-0.117188
-0.859375
-0.046875
0.750000
0.484375
-1.328125
0.320312
0.351562
0.414062
-0.460938
0.367188
-0.296875
0.312500
-0.203125
-0.640625
0.656250
-0.718750
0.875000
-0.632812
1.273438
-1.468750
1.148438
0.195312
0.218750
-0.523438
0.367188
-0.890625
0.882812
-1.718750
1.070312
0.164062
0.242188
-0.070312
1.085938
-0.265625
-1.484375
0.234375
0.242188
-0.132812
0.656250
-0.468750
0.437500
-1.585938
-0.382812
0.585938
1.406250
0.812500
-1.039062
1.343750
0.218750
0.539062
-0.289062
0.226562
-0.304688
-0.265625
0.812500
-0.070312
1.046875
-0.781250
-0.015625
0.312500
-1.851562
1.484375
0.078125
-1.000000
0.531250
0.085938
-0.164062
0.234375
0.070312
-0.328125
0.242188
0.750000
-0.398438
-0.523438
0.890625
-0.218750
0.507812
-0.984375
0.578125
0.281250
0.867188
1.414062
-0.421875
-1.750000
0.039062
0.531250
1.000000
-1.101562
0.531250
-1.773438
1.812500
-0.125000
-1.625000
0.101562
-0.414062
-0.687500
1.093750
0.250000
-0.085938
0.265625
0.585938
-0.281250
-0.273438
-0.828125
1.460938
0.382812
-0.851562
-0.429688
0.687500
-0.062500
-1.734375
-1.101562
-0.539062
-0.390625
1.132812
-1.320312
0.968750
0.453125
-1.210938
-1.281250
0.414062
-0.429688
-0.851562
1.726562
-0.796875
0.437500
-1.031250
-0.289062
-0.210938
1.226562
-0.242188
1.148438
0.500000
-0.406250
-0.609375
0.429688
0.914062
0.304688
0.210938
-0.867188
1.179688
-1.195312
0.343750
-1.890625
0.757812
0.250000
-1.867188
1.945312
0.289062
0.703125
1.054688
1.421875
-0.117188
-0.125000
1.437500
-1.375000
0.960938
0.781250
0.585938
0.031250
-1.265625
0.539062
0.023438
0.476562
0.304688
-0.585938
-0.523438
0.843750
-0.507812
1.835938
1.375000
0.007812
0.992188
0.554688
-0.101562
2.101562
0.476561
0.070312
-0.031248
1.882813
-1.218750
1.656248
-1.359376
-2.085938
1.476562
1.976562
-0.289062
-1.226563
-0.851562
0.679688
-1.968750
-0.421874
1.460938
1.468750
0.851562
-1.125001
-1.593750
-1.351562
-0.546876
-0.664064
0.679689
0.851562
1.445314
-0.132811
0.031251
2.085936
-0.828125
0.484375
-0.304688
1.765624
1.406250
0.140623
0.296877
-1.773438
0.804686
-1.234373
1.249998
-0.734375
-1.093750
-1.742188
0.851565
-1.234374
-1.492188
-1.695313
1.000000
1.867186
1.531250
0.117189
0.648435
-1.718750
1.218750
-0.992188
0.882813
-1.078125
-1.781250
-0.437500
1.710938
0.250000
-1.593750
-0.281250
0.882812
1.367189
-1.062500
-1.375000
0.374999
0.789064
-1.031250
1.492188
1.789062
-0.132813
-1.632812
0.023438
0.828125
0.031250
0.421875
-1.445312
1.375000
-0.265624
-1.109377
0.945312
0.687500
-0.265625
-1.765625
0.132812
0.179686
1.250003
0.398438
0.554689
0.226561
-0.804687
1.546875
-0.390626
-0.804689
-0.281248
0.632812
-1.109373
1.726560
-1.992188
-2.062499
-0.648438
-0.875000
-0.437501
0.468751
-1.335938
0.632812
-2.062501
-1.921874
1.539062
-1.281250
-1.953125
1.484376
-0.304689
0.468750
-0.554689
-0.101561
-1.015626
-0.351562
1.796873
0.992188
0.851562
1.187499
-1.632814
1.757812
2.093750
1.249999
-1.765625
1.437500
0.601562
1.695312
-1.046876
1.804688
1.656250
1.898438
-1.289062
-1.007812
0.492188
-1.171875
-0.554688
-1.484375
0.531250
-0.890625
1.250000
-0.773438
1.593750
1.414062
-1.656250
0.914062
0.710938
-0.015625
1.093750
-1.570312
0.757812
0.250000
0.312500
1.101562
1.835938
-0.039062
-0.070312
1.156250
1.812500
-1.179688
-1.390625
1.554688
0.492188
-1.804688
-0.054688
0.718750
0.101562
-1.156250
-1.500000
-1.460938
-0.554688
-1.312500
-1.109375
-0.335938
-0.195312
-1.921875
0.281250
-1.984375
0.375000
-1.960938
-0.406250
0.937500
1.867188
0.585938
-1.679688
-1.593750
0.312500
0.359375
-1.484375
-1.328125
-0.312500
-1.500000
1.601562
1.406250
0.328125
-0.484375
1.171875
-0.203125
1.960938
-1.484375
-1.015625
0.968750
-0.593750
-0.585938
-1.093750
-0.195312
0.898438
-0.695312
0.132812
-0.164062
0.664062
-0.007812
-1.546875
1.484375
1.390625
1.359375
-0.617188
-0.875000
-0.406250
0.851562
1.218752
-0.101562
-1.164062
-0.671875
1.554687
0.007812
-0.453125
-1.632812
0.140625
1.062500
-0.710938
1.062500
0.585938
-0.617188
1.234375
0.812500
-0.898438
0.765625
0.757812
-0.289062
-1.507812
-0.062500
-0.234375
-0.632812
0.867188
0.718750
-1.250000
1.703125
-1.437500
-1.312500
-0.890625
0.664062
1.796875
1.257812
1.742188
-0.585938
-0.062500
1.304688
1.312500
-0.601562
-0.343750
1.640625
1.757812
-1.625000
-0.570312
1.281250
1.265625
0.140625
0.710938
-0.789062
-1.023438
-0.562500
0.460938
0.460938
-1.070312
0.023437
0.546875
0.031251
0.398438
-0.625000
0.093750
0.710938
-0.671875
0.257812
-1.179688
1.437500
-0.062500
-0.976562
0.718750
0.328125
-0.101562
-0.898438
0.187500
-0.546875
1.132812
-0.273438
-0.085938
-0.523438
0.171875
1.296875
1.015625
1.921875
-0.914062
-0.570312
1.109375
-0.570312
0.093750
-1.031250
0.250000
0.679688
-0.937500
0.226562
1.164062
-0.726562
-0.531250
1.234375
-0.007812
-0.250000
-1.023438
1.046875
-1.406250
0.765625
1.484375
0.773438
-1.734375
0.601562
0.781250
-0.257812
0.007812
-0.500000
0.132812
-0.781250
0.125000
0.750000
0.906250
-0.289062
0.804688
-0.343750
-0.773438
0.929688
-0.109375
-0.062500
-0.046875
0.328125
0.328125
-1.007812
0.648438
-0.984375
-0.804688
-0.406250
-0.421875
1.867188
0.679688
-1.023438
-0.062499
0.023437
0.335938
0.273436
-1.023436
0.476562
0.507811
-0.726562
-0.210938
1.484375
-0.968748
0.968751
-1.078126
0.984376
-0.203126
1.968750
-0.054688
0.007813
-0.062502
-0.218747
-0.046877
0.671874
-0.632813
0.382813
-0.156250
-0.132813
0.742187
-1.562498
1.851562
-1.242188
0.835939
-0.460938
0.632813
-1.828125
1.703126
-0.750000
0.109373
0.281250
-0.953124
1.585938
-0.132812
-0.304687
-1.898438
-0.273437
-1.874998
-1.078127
0.859375
0.007812
0.484375
-0.531250
-1.617188
-0.218750
-0.437500
1.515625
-0.492188
-0.437500
0.562500
0.140625
0.515625
0.406250
1.554688
-0.953125
-1.914062
-1.171875
1.796875
0.750000
0.765625
-0.367188
-0.601562
-0.562500
1.304688
0.132812
1.109375
-1.250000
-0.781250
1.820312
-1.945312
-1.312500
0.351562
1.101562
0.789062
0.437500
0.085938
1.296875
-0.953125
0.890625
-0.500000
0.898438
-1.703125
1.734375
-0.171875
-0.484375
-0.937500
0.632812
0.453125
-0.242188
0.085938
-0.234375
0.398438
-0.234375
1.351562
0.414062
-0.914062
-1.445312
1.875000
1.546875
-0.132812
-1.765625
2.039061
-1.765625
-0.945312
2.046875
0.179688
0.968751
-0.039063
-1.726562
1.468750
-0.601562
0.046877
-0.953125
0.007812
0.296875
0.609374
1.843751
-1.999999
1.648438
0.046874
-1.414062
0.921876
0.453123
0.687502
1.289062
-0.656248
-0.093750
0.968751
-1.937501
-1.085938
-1.335937
-1.874999
1.117188
-1.109375
-0.257812
-1.328125
0.671875
-0.812499
2.023438
-1.664063
-0.546875
0.656250
-1.515625
-0.624999
1.164062
-0.531250
-0.273438
0.820312
-1.289062
-0.515625
1.015625
-0.046875
-1.054689
-1.109373
1.296875
0.296875
0.078125
-0.265625
1.062500
-1.156250
-1.742188
1.617187
-1.164062
-2.085938
-0.429687
0.562499
-1.468750
-2.117187
-1.859375
1.031250
0.992188
-1.078125
0.406250
-1.953125
0.929689
-0.507812
0.179688
1.921876
2.078125
-1.742189
1.390626
0.937500
1.164062
1.406250
1.734373
1.640627
-0.242188
1.062500
-1.609376
1.273438
-0.351562
0.281250
-0.539062
1.398438
0.953125
-1.085938
0.124999
-0.171875
0.976562
1.773439
0.046875
1.992187
-1.835937
1.226562
-1.500000
-1.828126
0.093750
-1.875000
-1.164062
0.414062
-1.031250
-0.992187
-0.476562
-1.320311
1.664062
0.070312
2.046876
1.695312
-0.203125
-0.820311
0.328125
1.835938
1.195312
1.875000
-1.726562
-1.875000
-1.304688
-1.765625
0.398438
-0.312498
1.140622
-0.320312
2.039061
0.476561
1.656251
0.734375
-2.023439
0.500000
2.015625
-0.171875
1.781251
0.781250
0.171875
-0.765626
-1.843750
-0.195312
0.531251
1.101562
-0.601562
1.414062
0.851562
0.953127
-0.398438
0.820312
2.070312
-1.781250
1.281250
0.015625
-1.820312
-1.601561
-2.000003
0.796875
-1.710938
0.117188
-1.742188
1.062500
2.023437
-0.265625
-0.273437
0.671875
-1.835938
-2.046874
-1.304688
1.312501
1.835938
0.750000
-1.476562
0.312500
-1.304688
0.210938
0.359375
-0.671876
1.414065
0.835938
-1.437500
-0.453125
0.562500
-0.382812
2.031251
-0.789062
-1.562500
0.507813
0.710938
0.171875
0.601562
2.078125
-0.273437
1.437500
-0.039062
-1.249999
-1.929688
-1.703125
1.632812
-1.398436
-1.773438
0.640625
-1.757812
1.132812
-1.187500
-1.992188
0.539062
1.187500
0.742188
-1.992189
-1.046875
-1.523438
-1.625000
-0.578125
0.921875
-0.164062
0.046875
-0.468752
-0.648438
0.078125
0.101562
-1.484375
1.320312
1.468750
0.367188
-0.812500
0.281250
-0.078125
-0.382812
-0.734375
2.109374
-0.179688
-0.726562
-0.320312
0.734375
0.242186
0.375000
0.148438
2.109375
-0.250000
0.273438
-1.062500
0.226562
2.109375
1.054688
-1.554688
-0.953125
1.640625
1.031249
-2.109373
-0.812500
0.750000
1.914062
-1.218750
-0.015625
1.445312
1.820312
1.375000
0.148438
1.710938
1.351563
2.023438
0.703125
-1.203125
1.218750
-0.507812
-1.554687
1.578125
-1.601562
0.335938
1.101562
-1.273438
2.000000
-0.320312
1.023438
1.562501
0.750000
0.187500
1.281252
0.070312
1.210938
-0.835938
-1.781249
0.007812
-0.398438
0.453125
1.429688
-1.367188
0.031250
1.750000
0.429687
-0.328125
-0.125000
-1.859375
-0.367188
0.101562
0.828125
-0.765625
-0.218750
-0.789062
-0.343750
-1.164062
-0.710938
-0.625000
1.460938
-0.296875
1.304688
0.000000
1.914062
0.710938
-1.914062
1.593750
-0.359375
1.203125
-1.875000
1.390625
1.929688
-0.093750
1.375000
-0.734375
0.710938
0.031250
-1.304688
1.390625
1.726562
0.054688
-0.125000
1.828125
0.281250
1.796875
1.578125
-0.921875
-1.328125
0.593750
-1.718750
1.789062
0.695312
0.765625
-0.359375
-1.804688
-0.132812
0.617188
-0.367189
0.828124
0.367188
0.507812
0.273438
0.382812
-1.171875
-0.093749
1.601561
-1.671874
0.625000
-0.492189
-0.031251
-0.367185
1.523438
-2.054688
1.796873
-0.546876
-0.054688
0.773436
-0.976562
1.000000
-0.226564
-0.296876
-1.382811
1.117189
1.523437
-1.976562
0.773439
0.531250
-0.085938
1.539062
-0.187500
-1.132812
-0.195312
-1.250000
-1.085938
0.046875
0.093750
1.671875
0.148438
0.304688
0.226562
-1.343750
-0.406250
-0.304688
-1.234375
0.406250
0.445312
0.406250
0.132812
0.375000
-0.898438
0.203125
0.679688
-0.679688
0.867188
-0.625000
0.203125
-0.343750
0.195312
0.664062
-1.031250
0.140625
-0.539062
0.656250
0.562500
-0.289062
-1.132812
1.023438
0.242188
-0.250000
0.367188
-0.593750
0.640625
-0.953125
0.882812
0.007812
-0.578125
-0.031250
0.367188
-0.578125
0.718750
0.039062
-1.015625
0.203125
0.375000
1.023438
-0.843750
-0.070312
1.406250
1.382812
-0.531250
-1.078125
1.875000
-0.031250
1.125000
-0.351562
-0.164062
-0.312500
0.445312
-0.476562
0.750000
0.148438
-0.398438
1.726562
-1.421875
-0.835938
0.789062
0.781250
0.179688
1.593750
1.570312
0.656250
0.375000
-1.726562
0.007812
0.328125
-1.648438
-0.515625
1.671875
1.656250
-0.921875
0.992188
-0.390625
0.343750
0.742188
-1.031250
1.039062
1.851562
1.539062
1.492188
-1.273438
-1.242188
1.929688
-0.171874
-0.476563
-0.484375
-1.015626
0.132812
2.046875
0.695312
-2.085938
0.179689
1.234375
0.320312
0.640625
-0.031250
-0.570312
0.781249
-1.296873
1.593750
0.656250
1.210938
-1.796875
1.789064
-0.851562
0.874999
1.257812
1.898438
1.765626
-1.796875
-1.187501
0.070311
-0.921875
1.359375
-1.804688
1.742188
1.039062
0.210938
1.437500
0.437500
-0.414062
-0.875000
0.375000
0.335938
-1.460938
0.546875
0.671875
-0.164062
-1.351562
0.945312
-0.359375
0.945312
0.296875
1.265625
1.867188
-0.617188
0.726562
0.406250
-1.484375
1.171874
-0.531248
0.398438
-1.882812
-0.507813
-0.156250
0.828124
-0.828125
1.085938
0.195312
1.546875
1.093750
1.312500
-1.164062
-1.007812
-0.023438
-0.539062
0.367188
1.507812
1.585938
1.968750
-1.460938
1.101562
1.828125
0.046875
0.835938
0.351562
0.179688
-1.781250
0.992188
1.804688
0.210938
-0.132812
0.101562
0.992188
0.570312
-1.843750
1.593750
-0.054688
-1.492188
0.882812
-0.062500
0.328125
-0.414062
-0.132812
1.437500
0.710938
-0.359375
-0.500000
0.210938
-0.156250
-1.929688
0.398438
-1.617188
-1.218750
0.726562
-0.882812
-0.062500
1.445312
-0.320312
-1.117188
1.664062
1.015625
1.906250
-1.789062
-1.468750
-0.242188
-1.710938
-1.945312
-1.375000
1.140625
1.156250
-0.421875
-1.921875
-0.625000
0.296875
0.187500
-1.742188
1.414062
0.210938
0.726562
0.273438
0.804688
1.453125
1.625000
0.187500
1.523438
0.312500
-0.710938
0.593750
0.664062
0.632812
-1.734375
-1.968750
1.476562
0.242188
-0.984375
0.609375
-0.484375
1.671875
-1.812500
-1.617188
1.078125
-0.820312
0.304688
-1.679688
0.156250
-1.125000
0.968750
0.132812
1.648438
-1.210938
-0.023438
0.796875
-0.843750
0.117188
-0.906250
0.640625
0.390625
-0.101562
-0.250000
0.335938
0.492188
-0.210938
-0.351562
-0.046875
-0.898438
-0.039062
0.031250
0.062500
0.937500
0.187500
-0.429688
-0.460938
-0.312500
0.890625
0.234375
0.453125
-0.273438
-0.335938
0.929688
-0.609375
0.781250
-1.804688
-1.757812
0.117188
0.093750
0.351562
0.210938
0.468750
-1.500000
0.531250
-1.164062
1.992188
-0.937500
-0.117188
-0.343750
0.625000
0.718750
0.039062
0.960938
-0.632812
1.328125
0.312500
-1.265625
1.773438
0.109375
1.726562
0.546875
-0.375000
-0.367188
1.828125
-0.750000
0.710938
-1.750000
0.656250
0.828125
-0.234375
-0.320312
-0.406250
1.312500
-1.281250
0.664062
0.367188
0.039062
-1.742188
1.046875
0.109375
0.335938
0.015625
-0.250000
-1.851562
0.265625
1.156250
-0.015625
-0.226562
1.250000
-0.937500
0.273438
0.242188
-0.781250
0.203125
0.171875
0.218750
-0.218750
0.250000
-0.812500
1.593750
1.312500
-0.554688
-0.453125
-1.210938
-0.320312
-0.078125
1.875000
-1.468750
0.140625
-0.343750
0.953125
-0.062500
-0.679688
-1.601562
1.570312
0.656250
-0.335938
-0.562500
0.640625
-1.656250
0.781250
0.843750
-0.421875
-0.539062
1.031250
0.742188
-1.218752
2.000000
-1.687500
1.585937
-1.078124
1.140625
-1.085937
-1.734375
1.226562
-1.117188
0.085938
-0.046875
-1.445312
-1.578125
-0.609375
0.484375
-1.101562
0.906250
-0.093750
-1.359375
1.578125
-0.492188
1.046875
-1.929688
-0.312500
0.320312
-1.484375
0.429688
-1.546875
1.687500
-1.914062
1.343750
-1.367188
1.617188
1.195312
-0.234375
-0.328125
1.265625
1.101562
-1.468750
-1.140625
1.593750
-1.929688
0.023438
1.140625
0.992188
-1.664062
0.570312
-1.921875
0.164062
1.023438
-0.804688
-0.617188
-1.515625
1.070312
-0.015625
-0.437500
-1.171875
1.601562
1.289062
0.945312
-0.734375
-0.023438
0.156250
0.031250
-0.132812
1.070312
-0.765625
-1.968750
1.671875
-0.570312
-1.867188
-0.101562
0.265625
-0.335938
-1.890625
0.890625
1.421875
1.343750
-1.140625
0.343750
0.742188
1.320312
0.679688
-1.546875
0.742188
0.265625
-0.226562
0.648438
-1.632812
1.953125
-0.406250
-0.789062
1.093750
-0.929688
0.039062
-0.093750
0.546875
-0.398438
-0.125000
0.992188
-1.062500
0.382812
-0.554688
0.632812
0.804688
-1.132812
0.992188
-1.234375
0.054688
0.062500
0.375000
0.015625
0.007812
-0.234375
0.390625
-0.460938
0.031250
0.492188
0.320312
-0.859375
0.921875
-0.335938
-1.093750
1.187500
-0.046875
0.054688
0.070312
-0.507812
-0.062500
-1.156250
-1.640625
0.703125
-0.421875
-0.781250
1.257812
-0.671875
0.718750
-0.648438
-0.953125
1.195312
0.093750
0.664062
-0.273438
0.906250
0.273438
1.632812
-0.742188
-1.398438
0.000000
0.679688
-0.164062
0.789062
-1.265625
-0.265625
0.726562
0.085938
0.757812
-0.039062
0.164062
1.445312
-0.523438
-0.421875
0.039062
0.539062
-0.625000
0.132812
1.437500
1.875000
-1.796875
0.515625
0.929688
-0.914062
-0.031250
-0.679688
0.734375
-1.757812
0.195312
0.726562
0.187500
-1.140625
1.125000
1.351562
0.421875
0.171875
-0.085938
-0.218750
1.140625
-0.859375
0.085938
0.554688
-1.781250
0.992188
1.218750
-0.890625
0.437500
-0.546875
-0.804688
-0.578125
0.828125
-0.625000
0.132812
-0.117188
0.539062
1.203125
-0.390625
0.679688
-0.687500
-1.546875
-1.882812
1.296875
-0.648438
-0.546875
1.250000
-1.031250
-1.203125
-0.359375
-0.281250
-0.367188
1.375000
0.914062
-0.750000
-1.117188
1.335938
1.234375
1.812500
0.218750
-1.890625
-1.984375
1.445312
0.632812
0.062500
0.351562
-0.437500
0.132812
0.390625
-0.515625
0.359375
0.468750
0.007812
-1.320312
-0.796875
0.492188
-0.421875
-0.789062
-0.242188
-0.054688
1.789062
-0.421875
-1.421875
-0.382812
0.015625
0.875000
-0.953125
0.296875
1.281250
0.218750
-1.148438
1.093750
1.460938
-0.843750
1.250000
-1.195312
-0.304688
-1.882812
-0.273438
0.554688
-0.617188
-0.070312
0.046875
0.453125
1.929688
1.117188
1.015625
1.031250
-0.914062
-0.703125
-1.296875
-0.085938
0.531250
1.828125
-0.179688
0.234375
0.296875
-0.757812
-0.484375
-0.640625
-0.601562
0.851562
-1.625000
-1.976562
0.679688
1.632812
-0.406250
0.875000
0.914062
0.148438
0.070312
-1.101562
1.640625
-0.460936
-0.054687
0.078123
1.648437
-1.421874
-0.906250
-1.976562
-1.921875
1.281248
1.742188
1.492187
-0.656250
1.664063
1.773436
1.937500
-1.257812
0.453125
-1.960936
0.718750
1.617188
1.601563
0.023439
0.421875
-0.867188
-1.367186
0.781250
-1.476563
0.195311
-0.953125
0.156250
1.031251
-0.968750
0.000000
-1.171875
1.804688
0.617188
0.554688
-0.578125
1.601562
-0.773438
0.578125
-1.554688
-0.218750
-1.250000
-0.320312
0.906250
-0.507812
-0.554688
-0.164062
0.679688
0.898438
-0.906250
0.515625
1.007812
-1.492188
1.414062
-0.804688
0.671875
-1.054688
1.148438
-0.695312
0.812500
-0.085938
-0.406250
-1.554688
1.062500
-0.343750
0.562500
0.375000
0.023438
0.148438
-0.609375
-0.546875
0.320312
1.046875
-0.523438
-0.125000
0.031250
0.718750
-1.179688
0.679688
-0.117188
-1.375000
-0.562500
-1.242188
0.929689
-0.000002
0.609376
0.992188
-1.437500
0.054688
-1.320314
0.835940
1.601562
-0.367187
-0.992186
0.570312
-0.859374
-1.375000
-1.117189
-0.249999
1.156252
0.046872
-1.554687
1.937499
1.218751
-0.390627
-0.820311
0.460938
-0.890625
1.132812
0.406250
1.273438
-0.218750
-1.367188
0.062500
1.492188
1.789062
-1.382812
-1.765625
-1.093750
0.953125
-0.328125
0.414062
-1.695312
1.710938
0.093750
1.359375
1.101562
0.851562
-1.968750
1.679688
0.257812
1.929688
0.500000
-0.781250
-0.515625
1.679688
-1.875000
-0.132812
0.492188
-1.859375
0.140625
0.710938
0.109375
-1.179688
1.757812
1.718750
0.414062
1.851562
1.171875
0.882812
-0.523438
-0.414062
0.210938
0.257812
-0.328125
1.710938
0.492188
0.398438
-0.492188
-1.578125
-0.664062
0.109375
-1.281250
-0.453125
1.171875
1.500000
1.429688
1.187500
-0.656250
-1.343750
-0.718750
1.796875
-1.085938
0.570312
-0.921875
0.804688
0.039062
-0.734375
-0.570312
-0.015625
-0.929688
0.320312
1.906250
0.539062
1.195312
1.085938
-0.835938
0.367188
0.539062
-1.023438
-0.265625
-0.484375
0.320312
0.968750
-1.898438
0.281250
1.937500
0.750000
-0.968750
1.507812
-0.093750
0.789062
1.570312
-1.945312
-1.101562
1.562500
-0.007812
0.273438
1.601562
-0.187500
0.523438
1.882812
-0.117188
-0.781250
-0.804686
1.289060
-0.015622
-1.898438
0.281248
1.101564
1.578125
0.882812
1.453124
-1.695311
-0.226563
-1.937500
-1.601563
-0.039064
-0.203125
0.242186
0.046875
-0.054688
0.875000
-0.140625
-1.296875
-0.617188
1.640625
0.992188
0.187500
1.421875
0.445312
-0.109375
-0.726562
-0.640625
-0.109375
0.687500
-0.757812
-1.078125
-1.843750
1.312500
-1.578125
-1.789062
-0.789062
-0.148438
-1.437500
-0.242188
-0.093750
1.476562
1.531250
0.734375
1.179688
-1.343750
-0.007812
1.406250
0.312500
-1.492188
1.101562
1.992188
-1.968750
-1.296875
1.382812
1.359375
-0.375000
1.351562
-1.867188
-1.468750
-0.585938
-0.984375
2.031248
1.578125
1.726563
1.734375
-0.429688
0.281250
0.468750
0.906250
1.320312
-0.148438
0.500000
-1.148438
1.937500
-0.468750
-1.539062
0.468750
1.398438
-1.820312
1.898438
-0.023438
-1.382812
1.429688
-1.226562
0.226562
0.515625
0.851562
-0.765625
1.929688
-0.765625
1.148438
-1.250000
0.781250
-0.414063
1.960938
0.234374
-0.960938
1.203125
-0.593750
-1.867187
-0.109374
0.445312
1.335938
-1.414062
-0.945312
0.265625
-1.203125
0.609375
-1.656250
-1.484375
0.562500
1.414062
-0.015625
1.492188
1.367188
1.664062
-2.093752
-0.117188
-0.273438
-1.796875
-0.265625
-0.812500
1.695312
1.531250
0.054688
-1.718750
-0.570312
1.546875
-0.382814
-0.351563
0.656250
-0.703125
-1.601562
-0.117188
0.632812
1.109375
1.640625
-0.500000
1.601562
0.687500
-0.312500
-1.406250
-0.171875
1.992186
1.140625
0.531250
-0.539062
-1.609375
1.492188
-1.382812
-0.375000
-0.140625
1.789062
0.703125
-0.445312
1.429688
0.023438
-1.203125
1.101562
1.929688
0.843750
1.554688
0.257812
-1.546875
1.148438
0.109375
-1.351562
0.828125
1.414062
-1.703125
0.148438
-1.750000
-0.507812
2.023438
1.250000
-0.875000
-1.593750
-0.484375
0.554688
1.187500
-0.179688
1.617188
-0.828125
-0.437500
-1.085938
1.140625
-0.679687
0.375000
0.890625
1.734374
-0.609376
-0.859375
-1.015624
-1.593750
-2.015625
1.148437
0.695314
0.195312
-1.679686
1.656250
2.117188
0.726562
1.429687
0.812500
-0.273438
1.468750
1.179688
0.343750
-1.843750
-0.671875
0.718750
0.828125
-0.601562
0.820312
-0.632812
0.796875
0.265625
-0.304688
-0.570312
0.664062
0.125000
-1.101562
0.601562
0.523438
-0.476562
0.015625
-0.453125
0.375000
-0.039062
0.460938
-0.648438
-1.031250
-1.273438
0.632812
-0.875000
0.421875
0.242188
-0.078125
-0.500000
0.242188
0.648438
-0.921875
-0.062500
0.609375
-1.429688
0.554688
0.718750
1.015625
-0.226562
1.390625
0.304688
-0.804688
-0.742188
0.640625
0.882812
0.210938
1.414062
-0.617188
-1.140625
2.109374
0.304688
-0.460936
0.468750
-2.054688
0.914062
-0.781250
-0.406250
-0.468750
-1.156250
-1.570312
1.789062
-1.171875
0.750000
-1.750000
-1.726562
0.703125
-1.046875
1.242188
-1.406250
-0.914062
1.992188
-1.492188
-0.125000
-1.140625
0.726562
-1.093751
1.398438
-0.953127
1.515625
0.593750
-0.015623
0.929688
1.757812
0.429688
0.578125
-1.273436
0.281250
0.664062
-1.000000
-0.289062
0.453125
1.476562
-1.164062
-1.398438
-1.343750
0.679688
-1.601562
-0.031250
-1.335938
-0.015625
-1.640625
-1.859375
1.992188
-1.546875
0.070312
-0.609375
1.601562
0.406250
1.914062
-0.093750
-1.101562
0.398436
-2.023438
1.750000
-0.125000
-1.289062
0.335938
1.382812
0.648438
-0.101562
-1.093749
-2.070312
-1.593748
-2.039062
-0.968750
0.359375
-0.820312
-0.289062
1.281250
-0.070312
1.374999
-1.570313
1.835938
-1.148438
1.375001
-1.664064
-0.304688
0.039065
1.601560
-0.203125
-1.531248
-1.562499
-1.906249
-0.414062
0.367187
1.406250
-0.039062
-0.406250
-0.992188
0.273436
-0.484375
-0.335938
-1.250000
1.921875
0.898439
0.156251
-1.890625
-0.500000
0.203125
-0.281250
-0.968750
-0.828125
-1.187500
-0.421875
0.945312
-1.671875
-1.054688
-0.617187
0.953125
-1.023438
-0.218750
1.703126
-1.656250
0.101562
0.054688
0.789062
0.695312
0.421875
-0.851562
-1.203124
-2.054688
2.054688
0.710939
1.335938
-1.945312
0.054687
-1.898438
-1.429689
-0.789064
0.726562
1.601562
1.117187
1.468751
-1.539064
-0.234376
1.203124
-0.867188
1.257814
1.328124
0.632811
0.351562
-0.156251
1.062501
0.195311
0.515626
0.257812
-1.242187
-1.757812
-1.554688
0.648437
-0.320312
1.953123
0.164063
1.546875
1.078126
-0.312498
-0.773440
-1.140625
0.015625
0.195312
0.117188
0.203125
0.406248
-1.960936
-0.960938
-1.875000
-0.195312
-1.015627
1.523440
-0.945314
-0.171875
1.617187
-2.101562
1.726564
-0.773440
-0.234374
-0.578126
1.875001
-0.804689
0.085938
-1.453125
-0.062499
1.992187
-2.007814
-2.054688
0.249998
0.437501
0.007811
0.617190
0.257811
-1.093749
0.742188
-0.710938
0.648439
-0.351565
-1.085936
-0.976562
0.671875
-0.953125
-1.164062
-0.968749
-0.375000
0.585938
1.218752
-0.414063
1.773439
0.312500
-1.187501
-0.359376
0.492187
-0.546873
1.195312
1.414062
1.109375
0.929689
1.773438
-0.398436
0.429686
0.054688
-0.249998
-1.710938
-0.023438
0.421874
-1.218750
0.101561
-0.007811
-1.867187
-0.031250
2.078125
-0.125001
0.835938
-1.507813
-1.289061
0.671874
-1.898439
1.242189
-0.882813
-0.281250
-0.554688
0.148437
0.070313
2.046875
0.585936
2.070313
1.476563
1.992188
0.289062
2.062501
-0.914063
1.054688
-1.109374
-0.296875
-0.624999
2.054688
0.226562
0.882811
0.523438
1.328126
0.492188
-1.562501
0.304687
1.546875
-0.140625
-1.625000
-1.007812
-1.867188
1.164062
-0.046875
-0.585938
1.539061
-1.726562
-0.070312
-0.195311
-1.406250
-1.539061
-0.968750
0.468750
0.999998
-0.921875
2.062500
0.210938
-0.828125
-0.429687
-1.976563
2.109375
-0.750000
2.117189
-1.593752
1.851562
-0.148438
0.617188
0.734375
-0.070312
0.335938
-1.953124
-1.828125
0.929687
0.726563
-1.375001
-0.070312
-1.093750
-0.648438
1.765625
-2.070313
0.679687
-1.843750
-0.132812
2.070312
-0.937499
-0.828125
-0.687501
-0.328125
1.328123
-0.406249
-0.312502
-0.125000
0.093750
-1.710937
-1.343748
2.031248
-1.281250
1.453125
-0.960938
-1.812500
0.695314
-0.109376
-1.148439
1.968750
1.093750
1.281251
-1.367188
-0.718750
-1.445312
-0.468750
1.843749
0.320314
-2.015625
2.054688
-1.296873
-2.000000
0.750000
0.414062
-0.992188
-0.632811
1.210937
0.460938
-1.273439
1.507811
-2.046875
-1.468749
1.273438
-2.117187
0.328127
0.234376
-1.609375
2.093750
-1.000001
-0.632812
0.046877
0.539062
-0.640625
1.250000
-0.015623
1.515625
-0.437501
-2.039062
-1.375000
-1.406250
-1.835938
0.250001
-0.437500
1.179686
-0.734373
1.054688
-0.664062
-1.742188
1.820312
-0.507814
-1.773437
-2.062500
1.523438
-0.984375
0.187500
-0.093750
0.000000
1.960938
0.554688
1.390625
-2.023438
-1.140625
2.007812
1.671875
-0.226562
0.093751
-2.078125
0.390625
-0.093750
-1.695312
-0.359375
-0.992188
-0.742188
-1.515623
0.937500
-0.210937
-1.859377
1.781250
2.031250
-1.164061
1.117188
0.789062
-1.648438
1.507811
-1.406250
1.671875
1.945312
-0.828126
1.023438
-0.609375
-1.953126
-0.375000
-1.281249
1.562498
1.203125
1.281250
-1.390625
-0.445313
0.367188
1.929687
-0.960938
-1.500001
-0.179688
-1.632812
0.578125
0.749999
-1.312499
-0.406252
0.882813
-0.054687
-1.429689
0.484375
-0.398438
-1.460938
0.179688
-1.742188
-1.148437
-0.078125
-0.054688
-1.843752
1.445312
1.812498
1.335938
-0.515625
0.085938
0.578125
-1.546873
-1.125000
-1.820315
0.281250
1.390625
-1.085936
1.382810
1.382812
0.046875
-1.484375
0.671875
-1.671875
-0.304686
0.492188
-1.843750
-1.726562
-1.265625
-0.632811
-1.117188
-0.507812
-1.148438
0.601563
0.421875
0.937500
-1.875000
0.179687
1.750000
-1.546874
-2.007812
-1.375000
-0.070314
0.742188
-0.265624
-1.945311
0.757812
0.093748
1.390625
-1.296876
-1.945312
-0.773438
-1.703125
-0.179688
0.031249
-0.304689
-1.515624
-1.429687
0.687498
0.171875
1.164062
-0.015625
-2.070313
0.867188
-1.320312
0.757813
0.585938
-0.312498
-0.289061
1.046875
-1.218750
-0.421876
1.945314
-1.304687
-0.406249
-0.078128
1.187502
0.601561
1.234375
0.203123
-0.945313
0.343749
-1.234374
-1.687501
1.195312
-0.398438
-2.015625
0.445312
-0.804687
-0.468750
0.218749
2.039063
0.335938
1.218750
1.828126
-0.726562
-1.734377
-0.304688
-0.062501
1.484375
1.398438
0.999998
-1.523438
2.007811
-0.835938
1.859374
0.140627
-1.015625
-1.374999
-1.375000
0.375000
-2.093751
0.703125
0.593750
-2.101563
1.656249
1.125000
-0.367188
1.359375
0.195312
-1.632812
-0.765625
-1.671874
-1.468750
-0.125000
1.226562
0.609376
2.078125
1.796876
0.898438
1.726562
1.867188
-0.898438
-1.546874
0.742188
-1.125000
2.109376
0.851562
-1.796875
-0.062500
0.914062
0.914062
-2.054688
-1.374999
-0.625000
0.382812
-0.687500
-2.101562
-0.968750
0.328125
-0.765625
1.796876
-0.164063
-2.054688
1.554688
-0.906249
-0.164063
0.492188
1.445312
-1.523438
1.218748
-1.398436
1.515624
1.226562
-1.734374
-1.250000
0.203125
0.476561
0.367188
-1.882813
2.031252
-0.742188
-1.429688
0.242187
1.117188
1.710939
-1.046875
0.828125
-1.523438
-0.898438
1.078125
-0.734375
0.867188
1.492188
1.156250
-0.031250
-0.335938
1.882812
-0.609375
-0.046875
-1.164062
-1.671875
1.156250
-1.304688
-0.609375
0.718750
1.304688
-0.734375
-1.539062
0.125000
0.171875
-0.156250
1.828125
-0.476562
1.640625
0.242188
0.140625
-1.093750
-0.687500
-1.421875
-1.890625
1.148438
0.031250
-0.109375
-0.375000
-0.609375
-1.468750
0.335938
1.429688
0.335938
0.984375
-1.968750
0.515625
-0.273438
1.335938
0.765625
1.179688
1.445312
-1.953125
-0.867188
-1.148438
-0.789062
1.320312
0.343750
-0.125000
-0.734375
1.101562
-0.734375
1.132814
-1.218749
-0.289062
1.968750
0.906250
-1.000000
-2.015626
1.632812
-1.476563
-0.851562
-0.445312
-0.976562
-0.898438
1.062500
-0.101562
1.007812
-1.421874
-1.281250
-0.414063
0.765625
-1.812500
-1.054688
1.460938
-0.789062
1.125000
0.375000
1.460938
-1.945312
0.640625
-1.789062
0.000000
-1.023438
-1.726562
1.078125
0.804688
0.023438
0.625001
2.054688
0.406250
0.062500
-0.375000
2.117188
-0.617188
-1.585936
1.820313
1.101562
-1.281250
-0.781250
-1.304688
0.359375
-1.875000
0.867187
0.671875
1.718750
-0.281250
-0.179688
1.140626
-0.656250
-0.617187
2.109377
-1.992188
-1.054688
1.468750
-1.609375
0.265625
-1.617188
-0.812501
-0.679689
1.796875
-2.101564
0.578127
0.804688
-0.687500
0.210938
0.015625
-1.398438
-2.093750
1.687500
-0.476562
1.359377
1.664062
-1.914062
-1.203125
-0.335938
-1.546875
0.726564
-0.468750
-1.867186
-2.031249
0.375000
-0.171875
0.140625
-1.140625
1.914064
0.867188
-1.156249
2.054687
-0.414062
-0.179688
-1.546875
-1.671876
1.632812
-2.093750
1.929688
1.453125
0.718750
1.109375
-0.375000
0.570312
1.101564
1.859375
-0.046875
-0.250000
1.117187
0.968750
-1.289062
1.531251
0.898438
1.875000
-0.937500
1.562500
1.937500
-1.117188
-1.281250
-1.109374
1.859375
-1.796875
0.695312
1.437500
-1.812500
-0.632812
-2.101562
-0.687500
-1.453126
1.757812
-1.492188
-0.664062
-0.867188
0.359375
-0.406251
0.960938
1.765625
-1.562499
0.289062
0.453125
0.304688
0.164062
0.593750
1.195312
0.070312
0.624998
-1.460938
-0.203125
0.570312
0.617188
-0.125000
1.523438
-0.968751
-1.437500
-1.140625
0.914062
0.382812
1.609376
0.882814
0.992188
0.304688
0.148439
-1.296875
2.046875
1.000000
0.640625
0.296875
2.046875
1.382812
0.070314
-1.031250
1.476562
0.070313
0.460938
1.101562
-1.437499
0.335936
0.757812
-2.109375
-1.343750
-1.203125
0.968750
0.960938
-1.960938
-1.249999
-1.109375
-1.976562
1.609375
0.539063
0.843750
0.617188
-0.093750
0.617188
-0.273439
-1.718750
0.515625
1.750000
1.664062
1.953123
-1.375000
0.781251
1.804687
0.507812
1.578125
-1.132812
-0.710936
-1.867188
-0.539063
-1.773438
2.000001
1.039062
0.828125
-0.304688
1.164062
1.406250
-0.515625
0.304687
0.382812
-1.687500
-1.007812
-0.546875
1.968750
-0.789062
-1.414062
1.109375
-0.523438
0.570312
0.429689
-0.742187
2.117188
0.265625
-0.015625
-0.273438
1.343750
1.000001
-2.023437
0.484375
1.820312
-1.101564
0.718750
0.984375
0.109375
1.632812
1.898438
1.859375
-1.367188
-0.703126
-2.023438
-1.617187
-0.164062
0.382812
-1.460938
0.546875
-1.171875
0.320314
1.406250
-1.257811
-0.218750
-1.468749
0.304688
1.914063
0.546874
-1.765623
1.890624
-2.046876
0.750000
0.593750
-0.703124
0.273438
-0.773440
1.429688
2.007812
-1.414062
1.796876
-1.398437
0.468748
-1.492185
0.828125
0.367187
-1.023439
-0.968751
0.945312
-0.359375
-0.421877
0.914062
0.710938
0.843752
-0.429688
-0.992188
-0.093752
0.687502
-1.257812
1.601561
-0.117185
-1.742188
1.476562
1.429688
-0.023438
1.218750
0.531251
1.851564
0.718750
-0.812500
1.070312
0.976562
-0.523436
-1.859375
0.437500
-2.046875
-1.117188
1.507812
0.632812
1.507813
-2.101562
0.476562
-0.789062
-1.539062
1.000002
1.906250
-0.437499
-1.140625
1.210938
2.078125
-0.523438
0.476562
0.749998
1.804688
-0.804688
1.218750
1.445312
-1.257812
-1.585937
0.414062
2.101561
-1.578125
1.968750
-1.515625
-0.640625
-2.101562
-0.242188
0.984375
-1.210938
0.859375
1.429688
-0.648438
1.164062
-0.796875
-1.093750
0.007812
0.570312
-0.867188
1.578125
-0.601562
1.695311
-0.546875
-1.281250
1.351562
-2.117188
1.273438
0.414062
-1.390625
0.140625
1.343750
-0.585938
1.039062
-1.148438
-1.265625
-0.468750
-0.781250
-1.164062
1.875000
0.625000
-1.804688
-1.398438
1.484374
0.781251
-0.656249
0.742187
0.281250
-0.781250
-0.742188
-1.367188
1.710936
0.140624
0.429688
0.859375
1.351562
-0.007812
0.289062
-1.015625
-0.156252
1.132813
0.773436
1.523437
-0.515625
1.148437
0.718750
1.437502
2.000001
-1.148438
1.046875
-0.289062
-1.296875
-0.007812
-0.062500
-0.695312
-0.523438
-1.039062
-1.164062
-1.203125
0.203125
1.406250
1.046875
-0.093750
-0.976562
-0.492188
0.375000
-1.265625
0.085938
0.414062
0.859375
-1.070312
-0.632812
1.804688
0.523438
-1.882812
-1.914062
0.265625
-1.320312
-0.757812
1.039062
1.500000
-0.898438
1.593750
-1.820312
-1.007812
0.070312
-0.976562
-1.859375
1.164062
-0.890625
-1.765625
-1.023438
-0.734375
1.257812
-1.812500
0.257812
-1.656250
-0.796875
0.164062
-1.453125
-1.765625
1.078125
-0.664062
0.023438
-0.867188
1.890625
-1.492188
-1.078125
-0.132812
-1.984375
-1.414062
-1.289062
1.937500
-0.023438
-1.398438
-0.789062
-1.445312
1.992188
-0.695312
-0.632812
0.781250
1.625000
1.304688
0.085938
1.054688
-0.257812
-1.117188
0.976562
-0.609375
1.867188
0.664062
0.929688
0.710938
0.421875
-1.195312
0.117188
-0.015625
-0.523438
-0.460938
1.945312
-0.132812
-1.554688
-0.937500
0.726562
-1.890625
-1.281250
0.507812
-1.515625
0.828123
0.882815
1.273438
0.046875
-1.421875
-0.812500
1.359375
-2.070312
-0.359375
1.757814
-0.929688
0.734375
0.781250
0.203125
0.359376
-0.296875
1.468750
-1.210938
1.585938
1.710938
-0.734375
1.789062
-0.507812
0.296875
0.492188
1.726562
-1.718750
-1.484375
0.859375
-0.242188
1.054688
1.773438
1.054688
0.429688
-0.218750
-0.914062
1.031250
-0.921876
-1.710938
1.601562
1.015625
-1.632814
0.281250
-1.062500
0.750000
1.031250
-1.726562
1.171875
0.429688
-0.593750
-0.421875
-0.070312
-1.046875
-1.578125
-1.257812
0.757812
-0.835939
-0.874999
-1.562500
-1.375000
-1.476562
-1.335937
-1.265624
1.999999
1.093748
-1.437500
-0.460938
-0.929689
0.984375
-1.890626
1.375000
1.124999
-1.390625
-0.445312
1.500000
0.375000
-0.140626
0.500000
-1.070313
1.109374
-1.000000
1.179688
0.054688
-1.726562
1.171875
2.070312
0.000000
1.882812
0.664062
-0.195312
0.203125
0.101562
1.890625
-1.031250
2.117188
-0.437500
-0.367189
1.789062
0.875002
0.117188
-0.046875
0.242188
0.867188
-0.132812
-2.000000
-0.046875
0.343750
1.273438
1.781250
1.000000
-0.968752
-1.460938
1.828125
0.125000
0.343750
-1.148438
0.562501
0.320312
1.585937
1.890625
0.062500
-1.835938
1.085938
0.906250
-0.578124
-0.312500
1.601562
0.726562
1.968750
-1.687500
-0.851562
-0.031249
0.945312
0.570312
-0.546875
0.851562
-0.687500
-0.984375
-0.906250
-1.531249
2.093750
1.710938
-0.546875
-1.039062
-1.218750
-0.992188
2.124998
1.921875
-2.093750
-1.375000
0.648438
1.250000
2.031250
0.507812
1.984375
0.062500
0.023438
-0.570312
0.312500
-1.101562
-0.531249
-1.312500
-0.601562
-0.750001
0.468750
1.890626
0.664063
-1.218750
0.046874
-0.140625
0.968750
0.023439
0.406250
0.890625
0.859374
1.414062
-1.578126
1.734375
1.539062
1.460936
-1.234375
-1.703125
0.906250
-1.976562
0.867188
0.453123
-0.054688
0.593750
-0.812500
0.187500
0.882812
0.007812
-0.257812
-0.070312
0.187500
0.960937
-0.750000
-2.078124
-1.296875
1.687500
-0.921875
0.906250
1.843750
-0.070312
1.289062
-0.796875
-1.328125
0.562500
-1.898438
0.984375
-2.070312
1.671875
-0.960939
0.601563
-1.968751
-1.906250
1.578125
-1.078125
0.945312
-1.914062
2.023438
-0.476562
-0.187501
1.882813
1.242185
-0.195312
1.179686
1.984375
0.781250
-1.898437
0.914062
1.039065
-0.031251
1.382813
-1.953126
-0.554688
1.781253
-0.101565
-1.843749
1.429686
1.960938
-1.015625
1.164062
-1.750001
0.820314
-1.359375
1.195313
-0.906249
0.812500
0.687501
-1.382814
-0.156250
-0.265626
1.015624
-1.132811
0.500000
-0.875001
1.445312
-1.671875
-0.812499
0.968748
-2.023436
0.210938
0.148438
-0.023438
-1.382812
0.687498
-0.679685
0.460938
1.726562
1.984375
1.695312
1.023438
-1.109375
-1.351564
0.625000
-1.742189
1.851564
0.624999
-0.593749
-0.531250
1.773438
0.281251
0.062500
-1.687500
-0.976562
1.117188
1.101562
-0.031250
-0.500000
1.281250
0.140625
1.968750
-1.507812
0.281250
0.492188
-0.601562
0.695312
1.726562
-1.523438
-0.101562
-0.101562
1.023438
-1.976562
0.148438
-1.007812
-1.859375
0.742188
0.414062
-0.203125
-1.296875
-0.960938
0.359375
1.437500
-0.281250
-0.484375
0.593750
-0.140625
1.765625
-0.804688
1.328125
-1.789063
0.171875
-1.414061
-1.078125
-1.976562
-0.718750
0.523438
-0.789062
0.359375
-0.960938
1.531250
-1.234375
1.726562
-0.992188
1.164062
-0.703125
0.164062
1.656250
1.320314
1.289062
-0.312500
0.218751
1.484375
0.101562
1.812499
-0.937500
-1.250000
0.539062
-0.921875
1.437500
-0.289062
-0.101562
-1.203125
0.914062
0.375000
0.984375
1.437500
1.195312
-1.984375
-1.164062
-1.124999
0.781250
-1.890625
-0.312501
1.859375
-1.742188
-1.500000
-1.312500
-0.335937
-2.093750
-0.914062
-2.007813
-0.570312
-0.492189
-1.945312
-1.953125
-0.085936
0.937499
-0.132814
2.093752
0.312500
-0.570312
1.039062
-0.234375
-0.882812
0.968750
0.203125
-1.203125
-1.421875
-1.484375
1.765625
0.898438
0.742188
1.843750
1.437500
1.648438
-0.867188
0.312500
-0.218750
0.382812
1.984375
1.804688
-0.187500
-1.984375
-1.812500
-0.468750
-0.390625
0.609375
0.265625
1.921875
0.640625
1.023437
0.226562
0.875001
1.953125
-1.609375
-0.085938
1.796875
0.250000
-0.273438
-0.085938
0.140625
0.132812
0.664062
-1.007812
-0.007812
0.179688
0.171875
1.054688
-1.140625
-1.734375
0.421875
-1.484375
1.101562
0.414062
1.781250
-0.398438
-1.171875
-0.687500
-0.359375
1.125000
1.554688
0.250000
-0.148438
0.046875
-1.304688
-1.820312
1.226562
-1.554688
0.062500
1.625000
-1.226562
1.859375
0.148438
-1.820312
-0.367188
1.601562
-1.289062
-1.140625
0.718750
-1.804688
0.781250
-1.085938
1.234375
0.007812
0.789062
0.375000
1.023438
-1.929688
-0.070312
