4247
3867
3827
4795
4149
2852
4761
3501
4030
3424
6471
3112
4100
4681
3498
4120
4640
3183
4705
4164
4505
3686
3994
4233
3754
4328
3814
4648
3987
4016
3696
4889
3796
4032
4380
3624
4178
4444
4096
4096
4096
4095
4096
4095
4095
4095
4095
4094
4096
4095
4096
4096
4096
4098
4096
4097
4097
4097
4096
4096
4097
4095
4102
4091
4095
4097
4096
4094
4098
4095
4098
4094
4095
4098
4096
4093
2880
4254
4386
4096
7591
7442
5581
649
4907
1588
3881
847
2609
4072
4431
2544
5579
4096
4096
4095
4095
4099
4094
4097
4095
4095
4100
4090
4096
4101
4099
4092
4095
4096
4097
4095
4096
4097
4095
4097
4096
4096
4095
4097
4096
4094
4099
4094
4096
4096
4097
4095
4096
4096
4096
3247
4684
6425
5501
7893
7920
318
3239
3736
7274
4287
374
486
7044
2060
2649
5666
3040
5196
5618
577
7364
3218
7309
4883
4288
3765
4331
4145
3900
6886
763
4350
1233
1810
4979
4063
4285
4242
2784
4650
5138
3559
4309
3543
5164
3159
6632
1874
6265
7386
3997
2249
256
3626
4460
3806
3915
5012
7279
4961
54
5549
3498
3997
2361
6223
2918
6209
2969
2444
2214
7142
3045
4079
4257
4323
2483
5208
4384
2121
5672
4679
3780
4411
4292
4854
1896
3943
5572
3961
4854
3057
3595
6800
7223
572
4201
4061
3891
4715
2408
6493
1981
5145
5728
3091
2923
4991
6849
2135
2867
4470
4462
925
3397
1209
6915
3927
3404
3553
1889
2255
5770
3155
3942
4567
3458
4781
4613
3341
3656
3918
4832
5078
2046
4113
4783
4321
4306
3697
2021
8019
2410
3930
3995
4316
4018
3968
4160
2044
7127
806
4930
4111
3943
5440
2955
4152
3756
4430
4057
4917
3033
4487
4000
4043
3924
4863
5396
2939
7791
4758
3543
3914
6361
1926
4017
6085
5889
944
3546
5528
3946
4420
4431
3286
5201
1695
6634
1747
5661
3953
4255
6760
1128
4198
1217
2638
5006
2673
4369
4476
2975
3853
6445
2900
2181
5845
6327
2420
3333
6064
1084
5102
6023
645
6166
3998
3996
4169
4084
2534
7262
2910
3550
5868
2159
4039
4216
4182
1846
6754
1385
7620
2401
4791
3273
3946
6742
2157
3919
3057
6269
5502
3306
4111
5429
5556
947
4250
4261
3669
4179
4188
4284
2835
5563
3723
7305
5365
3479
5173
3962
3458
4818
3975
3789
4065
5626
2473
1492
590
3788
4371
4188
3828
4153
3808
4645
3617
1070
7715
302
1726
4242
4300
4188
2802
5100
2720
6232
3341
3836
4518
3910
2776
5492
3959
4159
3755
3143
4372
2330
4215
4291
3731
4184
4296
3893
4454
3834
4036
4047
3637
4651
5143
2967
1415
5904
429
4716
3755
1559
6653
4042
7635
8049
2495
5994
1378
3429
1614
5730
4339
2738
3927
7040
1357
1783
3376
6128
4096
4095
4095
4094
4100
4093
4102
4090
4098
4098
4093
4093
4098
4101
4094
4095
4096
4098
4088
4105
4091
4095
4101
4095
4092
4095
4105
4088
4098
4097
4098
4095
4095
4096
4060
4145
4076
4098
4108
4088
4096
4096
4116
4077
4094
4098
4073
4118
4097
4095
4096
4097
4091
4146
4050
4098
4094
4096
4098
4093
4098
4092
4096
4102
4090
4101
4095
4093
4096
4095
4108
4083
4101
4095
4103
4085
4102
4096
4074
4120
4091
4097
4099
4092
4099
4095
4093
4094
4099
4101
4096
4092
4097
4095
4096
4095
4097
4096
4096
4097
4096
4095
4096
4096
4096
4096
4096
4094
4101
4092
4098
4095
4096
4096
4096
4097
4093
4099
4097
4093
4098
4096
4095
4096
4095
4098
4066
4122
4100
4105
4085
4084
4110
4120
4082
4047
4134
4097
4132
4022
4189
3948
4167
4114
4100
4142
4100
4045
4096
4097
4094
4097
4061
4131
4096
4095
4097
4096
4095
4098
4096
4095
4097
4097
4098
4090
4095
4095
4099
4099
4097
4090
4101
4095
4094
4096
4095
4098
4097
4096
4097
4093
4095
4096
4101
4090
4101
4095
4089
4102
4098
4094
4092
4101
4101
4088
4100
4094
4104
4088
4095
4101
4091
4098
4096
4095
4093
4099
4103
4087
4100
4090
4102
4095
4097
4092
4096
4101
4090
4097
4098
4098
4093
4097
4095
4098
4096
4093
4098
4097
4094
4097
4099
4091
4098
4096
4096
4097
4086
4103
4099
4097
4093
4100
4094
4065
4118
4086
4128
4120
4063
4091
4088
4106
4097
4124
4064
4098
4098
4101
4089
4095
4093
4050
4140
4101
4151
4040
4096
4100
4093
4096
4095
4099
4095
4094
4065
4163
4061
4096
4097
4095
4096
4096
4095
4099
4094
4097
4094
4098
4096
4095
4096
4095
4096
4096
4096
4097
4094
4098
4100
4089
4104
4089
4096
4103
4091
4093
4099
4097
4094
4094
4095
4093
4109
4097
4079
4084
4148
4037
4135
4090
4087
4122
4079
4061
4150
4083
4049
4134
4126
4054
4091
4117
4099
4103
4080
4103
4096
4074
4121
4095
4059
4111
4109
4105
4080
4104
4132
4041
4116
4117
4046
4123
4090
4106
4092
4105
