16351
16318
16380
16410
16380
16422
16409
16380
16429
16402
16330
16484
16404
16298
16372
16507
16466
16392
17145
15341
16372
16389
16399
16394
16396
16392
16392
16391
16396
16390
16392
16391
16391
16391
16389
16388
16390
16389
16648
16128
16398
16390
16362
16389
16391
16396
16380
16378
16385
16378
16400
16391
16380
16382
16390
16387
16391
16374
16389
16386
16397
16368
16396
16372
16399
16381
16391
16362
16388
16399
16395
16363
16375
16409
16378
16397
16376
16373
15128
17597
16387
16386
16385
16387
16385
16385
16385
16385
16386
16384
16386
16383
16387
16386
16383
16386
16385
16385
16384
16386
16382
16388
16384
16382
16387
16383
16388
16394
17686
15101
16344
16382
16377
16378
16384
16392
16368
16397
15068
17706
16384
16384
16384
16384
16384
16384
16384
16384
16384
16384
16384
16384
16384
16384
16384
16384
16384
16384
16384
16384
16384
16384
16384
16384
16384
16384
16384
16384
16384
16384
16384
16384
16384
16384
16384
16384
16384
16384
20856
9564
18649
19669
9544
22831
11350
18558
19365
9936
22670
11529
18547
14585
22536
9274
18203
17464
15909
16587
16677
15878
16887
15869
16842
16254
16530
15031
21157
10963
16364
18204
18284
16092
15512
13385
18706
15591
15877
17656
16528
16322
17243
14664
16717
17495
15169
16736
16814
15830
16662
17612
14809
16347
16460
17151
15794
16041
17884
14684
17099
15978
16895
16620
15850
16412
16550
16313
16271
16475
16650
16142
16335
16397
16570
16264
16313
16560
16172
17169
14396
19017
13716
17793
17612
13829
18901
15114
15211
17592
17537
17103
11392
20706
14065
18568
14155
18637
15326
15312
18449
17112
13104
17859
15227
18565
15608
16034
16321
16790
17874
12952
17197
18438
16731
14794
16482
16855
13958
18566
17055
15682
16300
14719
17155
18421
15202
16236
16633
16251
17853
13524
17471
17044
16063
16410
15786
17520
15107
15972
17458
16382
17434
16154
14735
18162
14462
17347
16375
16377
16390
16436
16435
16139
16792
15189
17304
17203
14787
17823
16474
15273
15951
19435
12707
17839
17705
14126
18376
15081
16740
16146
14554
19438
14970
16452
16823
16048
16521
16430
16789
15670
15889
17809
16059
16930
15419
16350
15450
16837
16854
16524
17276
15287
16775
16331
15191
17442
17063
15145
17048
16502
15986
16540
16423
16475
16168
16555
16258
16465
16238
16476
16432
16345
16414
16366
16457
16580
16336
15619
16988
16355
16338
16633
16206
16509
16278
15854
17155
15640
16832
16386
16379
16386
16401
16288
16555
16364
16096
16581
17150
16068
15605
16907
16519
15782
16913
16269
15833
16900
16577
16201
16353
16290
15792
17612
15053
17138
16939
15865
15774
17432
15789
16456
16138
16928
15990
16608
16028
16849
15747
17111
15255
17109
16612
16685
16121
16106
15972
16960
16485
16583
15655
17149
15694
16443
16736
16529
16049
16421
16617
15729
16787
16823
15926
16391
16337
16142
16869
16499
15818
16593
16866
15984
16453
16279
16451
16481
16282
16360
16346
16354
16645
16049
16500
16662
15917
16864
15854
16966
16409
16082
15689
17748
15693
15694
17039
17148
15662
15624
17103
16410
16358
16399
16369
16411
16359
16397
16156
16647
16340
16459
16348
16261
16541
16346
16363
16496
16182
16613
16278
16268
16599
16890
15783
16284
15920
16816
16634
16620
22140
10321
9227
23472
16384
16384
16384
16384
16384
16384
16384
16384
16384
16384
16384
16384
16384
16384
16384
16384
16384
16384
16384
16384
16384
16384
16384
16384
16384
16384
16384
16384
16384
16384
16384
16384
16384
16384
16384
16384
16384
16384
16384
16384
16384
16384
16384
16384
16384
16384
16384
16384
16384
16384
16384
16384
16384
16384
16384
16384
16384
16384
16384
16384
16384
16384
16384
16384
16384
16384
16384
16384
16384
16384
16384
16384
16384
16384
16384
16384
16384
16384
16384
16384
16384
16384
16384
16384
16384
16384
16384
16384
16384
16384
16384
16384
16384
16384
16384
16384
16384
16384
16384
16384
16384
16384
16384
16384
16384
16384
16384
16384
16384
16384
16384
16384
16384
16384
16384
16384
16384
16384
16384
16384
16384
16384
16384
16384
16384
16384
16384
16384
16384
16384
16384
16384
16384
16384
16384
16384
16384
16384
16384
16384
16384
16384
16384
16384
16384
16384
16384
16384
16384
16384
16384
16384
16384
16384
16384
16384
16390
16377
16386
16384
16381
16386
16386
16379
16388
16382
16387
16384
16382
16384
16383
16384
16386
16381
16386
16385
16382
16386
16384
16380
16388
16382
16385
16384
16383
16390
16379
16384
16384
16384
16383
16385
16384
16385
16383
16384
16380
16388
16387
16379
16385
16386
16383
16384
16383
16386
16382
16386
16383
16384
16383
16387
16382
16384
16385
16383
16384
16384
16384
16385
16383
16384
16384
16384
16384
16384
16384
16384
16384
16384
16383
16386
16383
16383
16385
16385
16378
16388
16386
16382
16386
16382
16385
16383
16392
16377
16384
16384
16384
16384
16383
16385
16384
16383
16385
16385
16382
16387
16382
16384
16381
16387
16384
16387
16381
16383
16384
16385
16386
16382
16384
16383
16385
16384
16384
16385
16374
16393
16384
16384
16384
16384
16387
16383
16381
16385
16384
16385
16381
16386
16383
16385
16384
16386
16381
16386
16382
16386
16381
16387
16384
16384
16382
16383
16385
16386
16382
16388
16380
16384
16386
16383
16383
16385
16386
16378
16393
16377
16386
16385
16382
16386
16382
16384
16386
16382
16385
16385
16382
16384
16386
16382
16385
16385
16382
16385
16385
16382
16385
16383
16385
16384
16386
16389
16377
16384
16384
16381
16386
16387
16381
16385
16383
16386
16382
16386
16377
16390
16393
16374
16385
16386
16380
16386
16384
16383
16385
16384
16384
16384
16384
16384
16384
16384
16383
16386
16383
16384
16383
16386
16382
16384
16385
16385
16382
16386
16383
16383
16385
16386
16381
16384
16385
16383
16386
16383
16882
15902
16066
16756
16290
16450
16300
16401
18616
12620
17512
16834
17322
15121
15740
22910
8413
15746
19307
17699
13930
17649
16366
16614
16037
16540
16212
17245
14951
17013
16464
16587
16497
15630
16995
16173
16180
18523
12928
17708
17237
15936
16303
16037
17117
15549
16846
15767
17068
16648
14845
17633
16042
17276
15661
16927
16249
15873
16252
16059
16921
17572
15379
15397
17762
15718
16493
16212
17108
16176
14809
17033
16979
18389
14497
15582
17444
14614
17822
18148
12811
19350
13862
18150
15911
15879
16886
16904
15888
16052
16764
16670
16423
15884
17489
14156
18014
15481
16960
18939
11187
19669
15290
17347
15774
15663
17840
15051
17291
16061
18049
13702
17486
16402
16317
16499
15900
16827
16442
16623
15912
16894
15062
18906
14445
15940
16934
16707
19572
9990
19568
16370
16323
16879
19005
13327
16025
13670
20680
14221
16774
17329
15784
16821
15687
17330
15841
16705
15646
19906
10483
19346
18842
11180
19025
16319
16214
16775
15934
17412
14736
18437
14454
19233
11872
18861
16458
16422
16116
16226
16307
17692
14989
17270
15237
17826
15184
17032
16381
15689
17072
16874
15098
16786
16683
16070
16857
16246
16319
16087
16730
17239
15296
16464
15787
17072
18240
14893
13717
18886
15953
18669
12420
18471
15277
17383
16736
15591
17128
15529
17180
16346
15814
16656
16628
15952
16955
15548
16893
16315
16409
16342
16743
15763
17017
15701
16948
15890
16632
16430
16727
15838
16613
16175
17038
15829
16128
18098
14297
16181
17895
14799
17772
16149
15867
16838
16213
16624
16058
16394
16767
15954
16618
16468
16249
15933
17064
15809
17066
16105
16946
17071
13138
17705
17063
16924
15765
16581
15792
17070
15877
17687
14080
17861
16511
17362
12687
19638
14828
17448
15658
16693
16437
15995
16952
16251
16336
16369
16490
15710
17168
16117
16575
16019
16548
16670
15929
16564
16413
16305
16754
15283
18971
13059
17980
16188
16602
16457
16220
16387
17719
15272
14677
18255
15572
16851
16111
16294
17269
15916
16120
16528
16282
16595
16222
16519
17225
15156
16212
16798
16516
16190
16458
16522
16431
16290
16455
16941
15008
17915
14551
17660
16104
16500
16033
16747
16417
16283
16314
16437
16679
15822
16654
16333
16454
16403
16305
16420
16354
16397
16455
16191
16542
16330
16414
16377
16394
16386
16393
16614
16050
16370
16522
16290
16576
16136
16467
16494
16272
16410
16372
16521
16107
16544
16395
16378
16373
16393
16377
16391
16384
16378
16428
16323
16441
16280
16462
16468
16355
16368
16144
16575
16383
16387
16380
16385
16385
16385
16381
16387
16385
16386
16375
16387
16390
16383
16381
16394
16375
16373
16393
16385
16386
16381
16384
16385
16449
16247
16455
16384
16387
16381
16385
16383
16385
16386
16381
16384
16385
16384
16387
16380
16386
16384
16388
16376
16388
16383
16384
16386
16378
16393
16376
16389
16376
16389
16389
16383
16383
16382
16382
16389
16373
16396
16385
16373
16396
16379
16383
16387
16382
16365
16403
16383
16385
16382
16384
16387
16383
16380
16338
16578
16353
16194
16693
15956
16247
16739
16491
16332
16128
17163
15146
17010
16783
15962
16135
16623
16722
15761
17016
15802
16963
16114
16325
16421
16507
15995
16449
16590
16381
16357
16378
16425
16864
15493
16928
16240
16781
15621
16503
16496
16503
16445
16526
16282
16315
16373
16539
15903
16613
16547
16442
16255
16367
16394
16539
15915
17025
15928
16180
17053
15825
16820
15994
16508
16681
16281
16273
16288
16222
16461
16446
16521
16288
16595
16141
16483
16263
16521
16525
16492
15848
16299
17202
15732
17033
16942
13913
18956
14084
17671
17240
15619
15004
17421
16510
15897
17506
15316
17189
15641
16753
16274
18270
13782
16896
17060
16063
16721
15343
17908
14799
17514
15984
16576
16169
16359
15813
19780
10950
19132
16202
17168
16510
14785
16951
15865
17913
14784
17274
16458
15866
17468
15550
16406
16540
16082
16726
16229
16583
15798
17314
15763
16776
15514
17032
16476
16298
17970
13288
17904
16300
16247
16307
16781
16356
16190
16314
16500
18074
13833
16355
18797
12284
21347
12057
18147
18053
18125
10495
17135
19687
15044
15884
16016
17418
17073
14622
16469
17235
17354
16296
14306
17526
17770
14249
20052
9300
21606
14774
16765
17247
14496
19681
12477
17731
18192
14529
16455
17388
15689
16468
16499
16281
16183
16672
16431
16327
15974
16859
16066
17005
15707
16666
16564
16180
16251
16460
16310
16775
16031
16470
16213
16354
17199
15380
16613
16926
15947
16148
16598
16200
17505
15035
16783
16812
14640
19180
14921
17559
13757
18287
16665
14990
16863
15814
18359
14830
17493
14217
19042
14020
17713
18021
13360
21351
8808
20676
15642
17167
14956
18189
15411
16570
15650
17146
16884
14679
18371
15475
16491
15046
18878
15536
15684
16330
16667
15083
18411
15295
18761
12826
18332
17088
17405
11732
20859
12078
19047
15871
17503
14467
19148
14476
16284
14957
21165
11048
21634
10486
19802
15580
15783
19989
12568
16587
17450
17789
13026
17676
17786
15969
15568
19333
11008
22465
9792
20209
14570
17822
16679
16230
15758
17144
15952
16966
14611
18501
14937
16480
16662
16285
17493
16215
14485
17469
16661
17056
15151
16386
17697
14787
16640
17640
17444
11882
19287
15871
16940
16008
16165
16509
17997
13020
19797
14120
17078
16398
16473
16860
15704
17381
14603
17488
15785
16724
16386
17153
15272
17088
16151
18235
12259
18416
17678
15910
14539
17077
16902
17222
15023
16846
16396
16327
16493
16710
15957
17191
17592
11942
19514
15341
16272
17042
16638
16740
15117
17072
16115
16216
18458
13072
18181
15954
17387
14840
17635
15982
17479
13497
18238
15941
16574
16756
15704
17602
16002
14849
17918
15053
17492
15591
17655
15096
17258
21668
5707
22700
13094
18707
16714
15867
21732
4343
23513
16653
14605
17848
15452
17857
14430
17865
16542
14965
16720
17401
14702
20621
10163
19990
16365
15521
16835
15721
16752
16581
17023
19157
8884
21366
14261
17859
17097
13544
19384
15023
16504
17067
15873
14706
19645
14155
17263
16089
15324
18182
16327
14840
17025
18915
12509
17804
16275
16682
16383
16661
15557
17199
15486
17406
15656
17381
15041
16795
17004
15564
16888
17330
14220
17574
16347
15779
17997
14711
17628
15790
16315
19258
9787
20474
15805
19435
11113
19383
15492
17850
15781
15273
16173
17235
16465
16144
16878
16454
15649
16675
17279
14265
16871
17604
16249
16119
16910
15132
17637
15938
15643
17371
15108
18734
14119
16972
16426
16592
16332
17659
13833
18536
14427
18761
14874
15914
18032
14177
17804
17199
15009
16747
16804
17107
13512
18617
16470
15114
16967
16417
17016
14954
21544
8575
19633
16869
15704
17254
16525
15442
17125
15948
16193
17939
13978
17440
17840
14239
16675
17008
17245
18577
9443
20396
16482
14219
19689
14672
17243
14778
17702
15903
15903
18643
14165
16505
17192
15235
17601
15995
16665
15717
16949
19362
11053
17278
19053
15696
13093
19379
15809
16911
16359
15121
17864
15552
16925
15769
18322
12407
19688
15796
16096
16483
16659
15983
14813
17935
18855
11864
19488
14458
16167
18355
15452
17764
14248
19931
10361
20322
15237
16690
17483
14733
16530
17315
16468
15267
17422
15744
17810
15252
15490
17649
15409
17916
14362
17648
16520
15771
19312
12136
17305
17457
16349
15428
17005
16987
18007
11964
17904
16398
17258
16411
15989
16515
16728
17898
12475
18542
16732
15495
17080
16143
16255
16160
16740
17491
14668
17334
14899
18149
15756
16647
15818
16658
16377
16950
14557
18720
15329
16411
16362
16689
16068
15799
16882
16950
15822
16468
16633
16336
16000
16464
16172
16723
16407
16345
16372
16842
15629
16626
16547
16239
16453
16353
16401
16775
15928
16457
16373
16064
17078
16036
16380
16386
16390
16301
16449
16387
16391
16363
16485
16385
16272
16513
16262
16373
16415
16367
16434
16391
16296
16167
16633
16525
16171
16473
16385
16392
16374
16376
16042
16891
16218
16380
16417
16263
16843
16026
16372
16378
16385
16415
15962
16780
16349
16481
16315
16408
16358
16397
16448
16330
16383
16360
16748
15656
17129
15267
17784
15752
16239
16640
16272
16384
16381
16367
16395
16045
16703
16835
15705
16651
16559
15824
16776
16361
16910
15855
16416
16065
16628
17068
15050
17062
16414
16442
16314
16377
16076
17031
16036
16332
16709
15705
16776
16415
16386
16362
16600
15957
16782
15905
16705
16833
15901
16496
16312
17692
13593
17867
16335
16294
16490
16394
17250
14720
17458
15517
16958
16386
16897
15898
16349
16408
16341
16379
16477
16352
15739
17322
16279
16205
16151
16528
16598
16251
16540
15767
16818
16388
16603
16511
16057
16352
16375
16419
16403
16395
16186
16286
16598
16743
16077
16379
16380
16120
16876
16155
16449
16330
16362
16587
15672
16914
17143
15003
17104
16466
16204
16142
16644
16339
17039
14990
17450
16090
16206
16559
16431
16318
16543
16170
16163
16681
16681
16071
16139
16886
15888
16603
16403
16405
16498
16238
16405
16405
16700
15892
16656
16234
16436
16147
16807
15442
17863
15367
16633
16618
15886
16741
16404
16304
16381
16516
16175
16470
16417
16034
16691
16588
16187
16425
16332
16381
16535
15919
16219
17323
15949
16424
16239
16969
15543
16396
16961
16139
16434
16347
16282
16482
16382
16363
16164
16848
16117
16449
16350
16456
16312
16378
16032
16728
16411
16358
16385
16407
16370
16937
15039
17163
16418
16329
16429
16355
17321
15418
16170
16632
16104
16964
16096
16124
16802
16233
16172
16664
16323
16383
16306
16446
16399
16646
16183
16298
16096
16663
16400
16380
16417
16444
16316
16372
16395
16356
16155
17073
15740
16586
16588
15735
17437
15102
17036
17114
15507
16786
16138
16014
17418
14835
18024
15129
16868
16232
16485
16480
16407
16336
16370
16404
16961
15656
16343
16951
15643
16726
16429
16360
16407
16381
16702
16054
16352
15797
17017
16956
15709
16441
16437
16295
16454
16349
16434
16067
17277
15134
17520
15912
16389
16388
16610
16114
16182
16602
16416
16346
16035
16733
16292
16476
16769
16146
16251
16623
15725
16814
16494
16239
16496
16233
16097
16696
16438
16219
17151
15769
15995
16767
16406
16336
16652
15994
16236
16691
17016
15677
16501
16328
16384
16406
16371
16390
16392
16373
15794
16990
16347
16451
16852
15871
16376
16413
16375
16382
16029
16738
16634
16186
15988
16709
16788
15474
17094
16150
16428
16623
16149
16376
16030
16865
16283
16071
16648
16367
16398
16434
17012
15239
16876
16122
17028
16000
16376
16410
16706
15158
17368
16319
16300
16479
16372
16314
16396
16454
16928
15689
16131
16769
16336
16207
16575
16684
16099
16835
15330
16996
16358
16412
16388
16340
16433
16268
16491
16348
16400
16373
16380
16433
16754
16325
15602
18346
13764
17460
16519
15894
16526
16675
16348
16329
16440
16134
16624
16665
15966
16485
16399
16380
16435
16464
16668
15957
16029
16419
16751
16208
17242
15680
16221
16605
16138
16481
16359
16536
16346
16373
16709
15733
17124
15616
16691
16449
16751
15914
16020
16947
16296
16899
15863
16384
16085
16692
16385
16407
16296
16474
16365
16324
16400
16441
16368
16634
15507
16996
16382
16380
16408
16355
16379
16390
16404
17028
15701
16072
16974
15975
16419
16505
16635
15659
16882
16609
16307
15975
17177
15869
16060
16470
16105
16847
16777
16009
16380
16601
15912
17013
16007
16362
16197
16663
15905
16708
16736
16120
16314
16462
16499
16255
16746
15425
16850
16759
16136
16584
16164
16264
16546
16546
16345
16153
16456
16460
16333
16440
16249
16413
16621
15966
16684
16288
16396
16412
17691
13802
17273
17164
15697
16944
16178
16288
15922
16909
18008
13178
18294
16020
16361
15964
16874
16786
15970
16900
15082
16868
16698
15974
16739
16374
16593
16205
16698
16054
16385
16268
16415
16540
16191
16365
16727
16327
15847
16860
16555
16042
16478
16369
16374
16416
16512
16020
16562
16421
16413
15990
16721
17174
15659
15592
17179
16360
16935
15236
17470
15961
16303
17487
13828
17811
16407
16290
16425
16460
16319
16926
15888
15915
17486
17347
13312
18480
15642
16538
15511
16890
16966
18270
12227
18413
16371
16439
16387
16267
17113
15746
15591
16868
16579
16376
17044
16014
16231
16316
15890
17843
15476
15409
17456
16321
16084
16532
16670
16188
16406
16355
16297
16585
16264
16373
16324
16466
17087
15612
16670
16179
15667
17305
16896
15583
16429
15476
17524
16651
16077
15542
16955
16658
16622
15696
15933
18985
13264
17683
16593
16146
15998
16896
16251
16372
16282
16006
17441
15067
17100
16770
16053
16102
17387
15536
16485
16384
16387
16380
16383
16029
16583
16635
16378
16322
16634
15913
16578
17213
15648
16440
15172
17432
15974
17459
15743
16425
16282
16257
16166
16814
16419
16951
15702
16225
17773
15235
16441
16284
16196
15918
17880
15181
16914
14765
17582
16620
16446
17628
15109
15473
17299
16573
16364
15545
18178
15228
16444
16789
15981
16207
16453
16367
15841
17157
16237
15915
16871
16203
16526
16452
16286
16551
16128
16562
16305
16497
16517
15808
16711
18658
12324
18232
16715
16297
15690
16604
16608
16973
15175
17337
16069
16300
16784
16072
16412
15868
17185
16238
16163
17278
14806
17442
16033
16299
16435
15709
16830
16772
16273
16737
16024
15344
19120
14582
16395
16469
16375
16452
16201
16533
16314
16448
17868
14673
14534
18389
16635
16179
16230
16571
16349
16424
16326
17290
14212
17727
16241
16569
16667
16269
16136
16256
16612
16148
17470
15430
15986
16224
16877
16117
16977
16189
16769
16029
16191
16646
16199
16340
16318
16551
16214
16560
15918
16807
15738
17198
16282
16095
17401
15492
15684
18246
14599
17710
16376
15429
16685
16441
16306
16587
18439
10930
19767
16231
16883
15936
16048
18710
14279
16394
16545
16443
16080
16459
16375
14672
19213
15326
16451
16125
16574
16443
16223
16569
16369
16024
16335
16836
17516
15343
14916
18516
15696
16820
15961
16124
16304
16555
16434
16188
16623
16863
15836
16558
16258
16206
16706
15088
17542
16466
16278
16255
16530
16398
16317
16288
16567
16154
16653
16145
16536
16262
16552
17464
15163
16317
16609
16211
16484
16269
16402
16474
16697
16009
16596
15127
17546
16275
16363
16441
16332
16396
16555
16106
16647
16290
16235
16563
16457
16163
16406
16436
17999
12711
18557
16372
16277
16425
16370
16406
16191
16798
16118
16326
16909
15606
17304
15586
17343
15566
16442
16659
16309
15814
16711
16318
16472
16878
15820
16516
16387
15309
17447
16495
18709
11651
18701
16530
17063
15342
15499
17515
16272
16603
16274
16432
16687
15932
16845
15203
17323
17207
14156
17466
16552
16361
16342
16352
16702
15977
19153
11649
18604
16116
16861
16136
16103
16623
16485
16169
16337
16547
16510
16114
16535
16326
16456
16709
16046
16250
16630
16173
16491
16385
16410
16248
16413
16530
16270
16344
16428
16436
16388
17201
14658
17304
16370
16305
16506
15355
17832
14984
18691
15134
16343
16098
16442
16525
16241
16647
15843
16217
16931
17627
15325
14697
17919
17243
15500
16309
16555
15889
16522
17001
16019
16401
16622
16230
16195
16615
16159
16376
16493
16040
17394
15593
16560
16238
16435
16439
16456
16248
16637
16117
16348
16543
15955
15895
17272
16366
16403
16928
16004
16160
16724
15687
16812
16975
15926
15067
17997
15905
16065
17480
14843
17791
15713
16377
16480
16376
16689
16004
14960
17866
17547
15663
15950
16341
16384
16302
15734
16717
17513
15666
16322
15790
17973
15108
17217
15912
15735
17756
14623
17316
16507
16368
15873
17598
15764
16944
15747
16399
15307
17348
17271
14891
17114
16475
16612
16069
15393
17364
17064
15783
15901
16677
16483
16730
14779
17654
16369
16285
17200
15609
16411
16334
17103
15875
16160
16540
16117
16507
20530
8195
20580
16350
15749
17508
15483
16632
16492
16286
16437
16449
16455
16307
16303
16325
16481
16411
16347
16408
16395
16391
16344
16702
16351
16095
16560
16148
16414
16468
16142
16556
16447
15963
16776
16416
15896
17359
15882
16393
16397
16363
16594
15868
16654
16654
16805
14774
17842
15890
16316
16453
16443
16361
15938
17244
15938
16359
15454
18585
15055
16071
17469
14891
17423
15357
17880
15608
16783
15549
16826
16400
16391
17708
13421
17330
18377
15123
16294
16443
15355
17459
17204
15478
16316
16356
17545
14233
17781
16165
16222
16630
16312
16278
17513
14172
17561
16298
16355
16445
17290
15423
16813
15971
16442
15031
18446
15645
16335
16466
17051
14819
17669
16307
18221
14426
16189
16748
15031
17504
14301
18417
16413
15423
17674
15197
17029
17120
15683
16475
15995
16613
16595
17019
21147
5464
21758
16234
16254
16782
16414
16338
16285
16576
16499
16783
16191
15989
15650
17107
16368
15841
17335
15549
16788
16497
16449
16265
18929
11081
19270
15975
19804
10113
21935
12242
16363
18005
16981
16410
15987
16236
16269
16469
16314
16642
15814
16703
15776
17108
16336
17173
15702
16401
16567
16111
16296
15765
17861
15548
16375
16522
16239
16337
16480
16434
16514
16137
15149
17662
16872
16176
16164
16175
16597
16783
15877
16378
17287
15498
16508
15714
17494
15653
16618
16218
16509
16238
16563
16357
16589
16227
16288
16541
16278
16403
16617
16173
15502
18899
14152
17036
16363
16241
15730
17152
16377
16632
16041
16826
16353
16726
15103
16993
15401
18041
16012
16956
14430
17908
15889
16053
17409
15204
16890
16290
16599
15906
17420
16076
15770
16882
16336
15944
16705
15595
17281
16618
16009
16304
15801
17034
16303
16369
16552
17198
15128
16548
16626
15818
17967
15396
16285
16511
16246
17207
14653
17328
16182
16672
16081
16650
16555
16230
16293
16380
16721
17480
17189
14904
10803
25005
11898
17298
12904
20190
15815
17382
15356
15456
17507
16154
16480
16414
16413
16406
16274
17319
13962
19634
13702
17392
16137
17097
15039
17751
15603
16860
16148
16347
17035
15652
16700
15362
18552
15013
16481
15771
17759
13868
18093
17141
15074
16647
17318
15779
16875
16150
15186
17230
16454
15943
17082
16364
16397
16586
14490
17808
17933
14034
16580
17319
16458
15959
17529
14440
16653
16687
16591
16388
17521
14443
17160
16513
16250
17334
14981
16985
16239
17092
14790
17337
16366
16710
16674
15753
16187
16502
16736
15927
16714
15577
16885
17361
15693
16183
16604
16131
15945
17609
15635
15741
17733
15770
16373
17196
15090
16807
16053
16946
16451
15877
16593
16572
16288
16277
16458
17839
15536
13389
19059
16142
16059
16221
17957
16269
14472
17264
16266
16505
16458
16314
16406
16367
16532
16224
16401
16639
16112
16464
17862
15024
15970
14403
18952
16100
16369
16323
16392
17709
14963
16665
14416
19019
15072
18010
14899
16186
17764
15690
16280
15936
16627
16467
16544
15557
17804
15920
15939
16227
17555
15524
16550
16008
16606
16426
16491
18694
13423
14361
19107
16329
16503
16708
15862
15577
17200
16145
17626
15398
16469
16166
15852
16942
16339
16723
16077
16467
16749
15645
17606
15559
15761
16306
20104
10539
19787
15382
17461
14772
17467
16265
16334
16455
16401
16272
16964
15041
17168
17110
16488
14415
17707
16087
17023
15843
16379
16465
16592
16077
16455
17198
15245
16292
16388
16509
16696
16688
17038
15307
16612
16147
15505
17367
16320
17328
15509
15587
17184
17131
15679
16303
18011
12718
17858
18019
15399
16376
16294
16329
16501
16397
16345
16023
16715
16787
15578
17786
15371
16495
15467
17232
16104
16992
16085
16596
16132
16273
16427
16253
17440
14711
18196
15803
15960
16337
16482
16507
16184
15946
16840
16760
15980
16610
15696
16818
16304
16528
16908
15825
16744
18771
10686
19310
16127
16753
16955
15124
17092
16754
15921
16128
18362
14882
15894
15935
17041
16570
15877
16808
16849
15222
17143
16344
16151
16635
17705
14682
16679
16530
15889
16760
16418
16340
16589
15872
18912
12015
18557
18833
12819
17462
16432
15731
16463
17508
15874
15500
17238
16845
16162
16463
16016
16129
16571
23502
10165
8594
23314
16101
16812
16132
16593
16372
16358
16157
16787
16161
17115
15661
16753
17439
14956
16532
14160
18564
16341
16301
16559
15952
16973
16199
16274
16247
16576
16725
15654
17346
15836
16585
16134
15894
17096
16081
16357
16762
15421
17128
18978
13773
16688
15870
14070
18790
16527
16348
16385
16343
16477
16299
16517
16249
16277
16554
16810
15861
16179
16294
16787
16773
15710
16680
16286
16695
16106
16061
17140
15219
17399
15299
17226
16877
16942
15282
15530
18040
15527
16438
15724
16960
16345
16663
17071
15513
16577
15567
17663
15663
16669
16011
16442
16012
16809
16258
18228
13655
17433
16460
16408
16268
16468
16180
16610
16304
16397
17333
15342
16657
17200
15324
14714
18537
15872
16746
15356
17998
15789
16126
15366
18205
17311
12387
19247
16331
15288
16852
16553
15910
16670
16616
16093
16956
15952
16391
16416
16701
16081
15867
18166
14975
15064
17860
16401
16352
16433
17322
14609
17451
16938
15434
15890
16813
16847
16871
14336
18855
15075
16483
17738
13623
17917
15307
17595
16207
16358
16301
15949
17410
16264
15671
16635
16323
16464
15345
17906
15899
16409
17316
14490
17809
15486
16820
17317
15440
15645
17793
15527
16553
16428
17206
15102
16475
16608
16594
16264
16342
16617
16167
16381
16447
16269
16491
16364
16450
15550
17586
15631
16796
18028
14653
15087
17488
16599
16303
19253
13457
15116
17423
16434
16727
15414
18403
14918
16082
17635
15649
17101
15859
16167
16256
16606
19519
13086
17039
15720
16387
14711
18248
16260
16864
15126
17287
16914
16127
16902
15023
16993
16366
16993
15873
15983
19323
11481
18468
16588
16961
15739
15758
17259
16143
16617
16184
16937
17661
12531
19666
14915
17031
16282
16197
15900
16644
15462
17700
15807
16733
16210
16638
16090
17073
15956
16239
16509
16603
16138
16010
16874
16180
17254
14672
18009
14990
17745
15683
15587
22779
5441
21564
17341
15092
16884
16400
15920
17837
14370
18131
15302
17690
15381
16392
16365
16258
16395
16730
15654
16427
17038
16396
17158
15938
15931
16658
14731
18211
15107
17251
16356
16783
16025
16122
16446
16684
16215
16331
16861
16349
16244
16020
14961
18644
15658
16349
16236
17171
15869
17020
15781
15013
17591
16465
16349
16409
16365
16495
16249
16371
16398
16372
16432
15935
16809
15855
16978
17361
14268
18776
15009
15171
17721
17698
14493
16627
17882
14861
16164
16984
16534
16092
16003
17234
15811
16523
16377
16482
16407
15238
18307
16436
15361
16435
16679
15865
16613
16329
16554
16193
16517
16335
16309
16586
16354
15834
16926
16733
16897
14619
17206
15620
17215
18287
12855
17904
16354
18191
14926
16094
16632
16355
14066
18809
14935
17850
17270
15498
16058
15835
16589
16735
16690
16091
16490
16127
16603
16375
16250
16606
16198
16389
16322
16474
16401
17001
15496
16584
16450
16958
14606
17583
19045
14590
12280
19657
16907
14862
19585
12692
20202
10761
20386
15643
16668
15372
17472
15987
16478
17114
15510
16373
16216
16637
16971
15656
15686
18184
14336
17705
15893
16954
16294
15589
17039
17391
14243
17552
17234
15621
15262
17690
15971
16539
16320
16066
16251
16761
17385
13799
18721
15618
16840
16105
15658
16707
16667
16369
17117
15709
16268
15915
16262
17199
16297
17823
14921
15142
17497
16353
16722
16677
15962
15799
16851
16713
16094
15973
17140
16076
15940
16838
16417
15953
18479
14384
15204
18145
16054
16956
15739
15280
18117
15748
16459
15730
17141
16314
21464
6414
26812
11379
9704
26038
9212
19926
16309
16535
16610
16156
16807
15425
16916
16420
16585
16058
16505
16387
15568
17205
17077
18627
13672
12735
19692
17554
13897
18378
16234
15986
16774
14736
17693
15481
17204
17245
15454
16435
16202
16389
17334
15665
16443
16371
15911
16841
16077
16574
16245
16842
16017
16221
17133
17555
11987
19694
15074
17233
17070
15024
17206
16124
16330
16435
16414
16364
16333
16454
16356
16351
16402
16369
16433
16345
16360
16444
16347
16414
16297
16662
16543
16011
16364
16384
16417
16417
16299
16298
15913
17697
15652
16371
16419
16358
16429
16354
16336
16433
16468
16289
16550
16270
16178
16056
16888
16285
16481
16369
16414
16391
16295
16567
16208
16113
17072
16052
16332
16484
16341
16912
14635
17630
16642
16695
15754
15272
17516
16790
16519
15729
16522
16528
16467
15285
17921
14848
17168
16495
16480
16155
16411
16400
16373
16447
16718
17841
14462
16299
16619
16814
15911
16221
16563
15774
17020
16522
16431
16116
16244
15654
17422
16230
16212
15727
17105
17530
14981
16921
15517
17114
16323
16693
16048
17473
14391
17328
16411
16546
16231
16306
16456
16432
16308
16386
16367
16470
16309
16427
17393
15236
15829
16872
16505
17363
15344
16500
16579
16017
16485
16214
16633
16360
16431
16351
16445
16709
16097
16272
16431
16317
16417
16465
16505
15381
17464
17230
15185
16395
15937
16933
15914
16824
16333
16394
16500
17787
16057
14359
15470
18148
16468
16732
17861
13972
17010
15727
17056
15590
16447
17168
16365
15586
17406
16091
16297
15960
16282
18225
14825
17070
16864
15223
16631
15542
17196
16754
15976
16448
16418
16422
15916
16807
16330
16522
15845
19153
16416
12371
15121
19190
16976
15988
15454
18268
15141
17276
15136
16720
21675
6066
21629
17520
15134
16672
15611
16947
15914
16879
17069
15832
16083
16563
16300
16394
16524
16567
16271
16203
16343
16497
16382
16409
16484
16032
16555
16600
15995
16559
16810
15670
16340
16898
16176
16485
16409
16223
16474
16435
16274
16653
16163
16430
16425
16279
16348
16519
16257
16509
16159
17091
15809
16359
16443
16387
16470
16331
16323
16402
16492
15255
17346
16861
15949
16876
15982
16341
16315
15947
16926
16746
15883
16491
16457
16230
16052
16781
17236
14622
17297
16663
16190
15925
16748
16418
16330
16379
16425
16308
16442
16838
15570
16736
16440
16456
16240
16364
16474
15923
16894
16439
16978
15570
16775
15164
17360
16285
16388
16369
17048
15300
19966
10364
19280
16161
17173
15307
16868
16346
16492
16835
14958
18610
15039
16437
16317
16356
16568
16327
16224
16497
16583
14911
17640
16543
17338
14677
16841
16611
16189
16463
16540
16492
16210
16217
15920
17103
20360
12321
12692
20158
16768
15884
16528
15976
16693
16226
16572
16479
16008
16168
16698
16475
16479
16277
16357
16451
16372
16262
16674
16075
16706
16141
16357
16624
16121
16619
16218
16912
15830
15578
17234
16418
16361
16601
16145
16423
16428
16261
15948
17117
16119
16447
16393
17338
15351
15414
19025
14610
15116
17721
16484
16429
17497
15246
16277
16283
16676
16129
16470
16341
15912
17026
16383
21081
11244
16317
17392
15256
17076
16681
14930
17807
15500
16811
15683
17194
16721
15364
14555
18852
16392
15752
16971
16583
18714
12046
18192
16356
16545
16448
16343
16288
16025
16886
16374
16277
16375
15804
16545
16745
16359
16426
16337
16457
16304
16418
17171
15266
16587
16435
16390
16451
16271
16500
16357
16816
16031
16438
16047
16707
16176
16747
16199
16504
16185
16525
16102
15896
17042
16668
16073
16461
16190
16773
16115
16227
16668
16211
16529
16297
16463
15679
17000
17466
15237
16488
16809
14766
17910
15488
17409
15980
16297
16322
16444
16386
16335
16474
16351
16315
16474
16353
16578
16178
16337
16447
16518
15956
16678
18210
15365
12862
19090
16395
16400
16386
16351
16424
16359
16425
16351
16428
16335
16418
16289
16474
16359
16345
16381
16477
16407
16128
17048
15777
15634
17619
16044
16301
16414
16615
16194
16355
16546
16821
15743
16485
16855
14817
17078
18409
14026
17717
15320
16722
16590
16203
16365
16414
16318
16531
16410
16120
16640
16317
18519
13957
16238
17377
15265
17525
14975
18556
13316
18323
17012
13392
19488
14718
17229
16340
16431
16301
16230
16238
17104
16009
16402
16382
15248
17776
15595
17549
15759
16602
16046
16364
16492
17789
13435
17773
16448
16371
15812
16802
18856
13696
15437
17699
16368
16427
16404
15745
17477
16380
15811
16517
16451
16342
16425
16131
16445
16485
16625
15871
16774
16102
16522
16529
16174
16439
16778
15938
16270
18936
11483
18975
16395
16841
15919
16145
17052
15846
16431
16186
16534
16795
16028
15719
18986
13047
17413
16765
15752
17862
15335
16603
16339
16480
16323
16375
16124
16553
16628
16513
16618
16945
15325
15910
15737
17306
16550
16418
16385
16353
16412
16361
16434
16321
16425
16395
16324
16431
16410
16346
16378
16410
16353
16395
16472
16289
16408
16283
16487
16376
16383
16357
16391
16341
16925
15920
16295
16502
16263
16448
16358
16394
16477
16269
16428
16755
16024
16602
16101
16379
16347
16441
16284
16628
16300
16160
16465
16416
16970
15746
16340
16332
17434
15342
16041
16843
17125
16091
15754
16254
16495
16860
16608
15926
16460
16298
16486
16338
16737
16036
16816
15332
16445
18944
12646
18742
22741
2431
23174
16260
17123
15724
16623
16932
15869
16412
16165
16509
16523
16314
16084
16660
16345
16410
16394
16362
16405
16393
16599
16305
15810
16991
16029
16647
15970
18238
13324
17884
16486
16631
16340
16057
16467
16415
16071
16524
16482
15649
18062
15425
16417
16424
16319
16700
16005
16063
17502
15079
16710
16806
16237
16137
17644
14377
19375
14264
16341
16782
15953
16460
15915
16927
15720
17295
16358
16239
16273
16649
15987
16864
15696
16802
16951
15800
16320
16395
16155
16477
16786
16186
16499
16063
16633
16133
16662
17082
15522
16572
16114
16620
16097
16640
16354
16405
16363
16407
16357
16399
16398
16360
16404
16387
16369
16364
16729
16033
16395
16326
16524
16021
16688
16323
16326
17384
14700
17332
16212
16404
16523
16200
16493
16682
15938
15975
16877
16391
16443
16301
16406
16399
16359
16370
16408
16368
16402
16382
16363
16380
16405
16386
16384
16383
16884
15849
16369
16424
16342
16462
16120
16640
16407
15584
17252
16330
16396
17209
15413
17221
15489
16703
14747
17637
16510
16961
15864
17286
15333
16996
16297
15680
16764
16011
17265
16157
15705
16833
16549
14476
17933
16400
16403
16539
17163
15413
16182
16524
16997
15810
16635
16081
16558
16220
16610
16063
16560
16714
16083
16455
16382
16368
16397
16389
16370
16398
16392
16512
16259
16326
16469
15691
16998
17153
15600
16703
16035
16709
15747
16985
16326
16159
16333
16307
16543
16426
15889
17934
15108
16729
16245
16371
16351
16454
16377
16296
17736
13340
18378
15905
16673
16503
15966
17126
16818
15483
16319
15781
16953
16520
16369
16195
16534
16406
16374
16391
16401
16327
16444
16342
16560
16040
16937
15904
16531
16223
16550
16002
16989
16101
16385
16434
16341
16556
16257
16313
16452
16242
16503
16374
16340
16436
16406
17071
15442
16629
16097
16650
16630
15456
17221
16235
16387
16352
16436
16337
16458
16553
16226
15842
17215
16041
16366
16399
18484
14174
16470
14511
18259
16466
16263
16452
16415
16250
18802
14014
16155
14906
18398
16026
16548
16277
16040
16621
16592
16288
16871
15846
16527
16367
16335
16337
16392
16396
16596
15720
16869
16719
16333
15833
16311
16672
16340
16327
16903
16037
16285
16342
16557
16608
16000
16659
16282
16289
16403
17206
15255
16518
16471
16391
16495
16000
17071
16099
16307
16464
16288
16437
16318
16456
16465
16275
16508
16196
16492
16283
16302
16414
16678
16361
16201
16407
16437
16332
16415
16358
16392
16425
16346
16371
16387
16795
15937
16026
16707
16463
16408
16522
16162
16465
16251
16606
16270
16408
15989
16805
16648
16108
16300
16554
15596
17758
15660
16394
16995
15181
16994
16357
16431
16383
16419
16220
16519
16338
16429
16365
16352
16395
16399
16374
16397
16381
16393
16364
16551
16167
16446
15949
16720
16421
16556
17865
13596
17574
16383
16398
16373
17245
15427
17065
15549
16901
15996
16354
16463
16283
16735
15394
16556
16976
16465
17007
15372
17033
16138
16316
16427
16388
16388
16290
16429
16439
16345
16361
16013
17035
16247
16323
16173
16950
15697
17742
14888
16128
17063
16360
17322
15049
16719
16164
16663
16421
16354
16378
16408
16406
16367
16360
16374
16402
16502
16195
16618
16105
16530
16351
16489
16335
16378
16400
16338
16343
16407
16318
16375
16549
16157
16538
16383
16428
16320
16496
16153
16477
16213
16850
16190
16414
15572
17080
16445
16310
16423
16376
16385
16395
16431
16295
16413
16421
16899
15845
16495
16212
16484
16175
16605
15856
17015
16389
16365
16224
16411
16716
15964
16454
15547
17748
15849
16411
16351
16421
16354
16959
15892
15576
17855
15505
16430
16409
16374
16501
16251
16443
16407
16423
16346
16434
16538
16375
15644
16925
16422
16408
16257
16467
16427
16445
16298
16327
16344
16435
16591
16435
15991
16608
16314
16300
16495
16364
16376
16394
16393
16368
16408
16370
16377
16397
16392
16358
16389
16050
17139
16461
15858
16325
16475
16277
16434
16486
16244
16433
16460
16358
16207
16553
16406
16366
16376
16429
15759
18191
15057
15965
16921
16533
16255
16210
16613
16223
15899
17480
15850
17704
14018
17397
16353
16514
16071
17169
15756
16440
16004
16804
16380
16379
16729
15768
16571
17512
15305
16237
16873
15831
16525
16481
15823
16954
16365
16422
16350
16414
16591
16135
16394
16378
16371
16417
16408
16342
16393
16369
16423
16295
16463
17063
15275
16903
16252
16507
16168
16377
16518
16715
15965
16447
16344
16524
16341
16144
16598
16774
15544
17297
15939
16442
16155
16502
15659
17167
16944
15780
16422
16253
16422
16434
16324
16703
16166
16373
16119
16652
16392
16386
16197
16823
16296
16202
16223
16770
17145
14263
17475
16576
16720
15330
16995
16383
16326
16360
16447
16437
16345
16336
16390
16425
16622
15492
17349
16037
16387
16403
16279
16985
15673
16579
16304
16385
16496
16321
16312
16464
16018
17320
15697
16536
16576
16146
16299
16495
16348
16458
16359
16389
16335
16698
15983
16424
16129
16719
16367
16475
16321
16470
16177
16483
16403
16438
16274
16432
16857
15842
16535
16291
16828
15498
16852
16408
16355
16556
16191
16401
16603
16117
16476
16353
16286
16492
16071
16741
16295
16501
16291
16380
16309
16432
16630
16162
16265
16483
16409
16471
15919
17113
15999
16410
17001
15684
16491
16367
16260
16509
16451
16054
17764
14013
17641
16389
16574
16146
16430
16373
16094
16851
16218
16440
16673
16016
16027
18036
13665
17770
16455
16355
16492
16453
16231
16374
16389
16361
16388
16418
15920
16909
16238
17222
15736
16184
16382
16208
16642
16554
16226
16190
16652
16293
16395
16519
16218
16197
16616
16355
16394
16486
16175
16622
16344
16254
16371
16235
16564
16498
16362
16324
16268
16646
16209
16423
16214
16528
16390
16380
16469
16372
16313
16230
16538
16408
16492
16244
16389
16242
16532
16378
16877
15792
16453
16178
16621
16377
16409
16250
16499
16457
16008
16926
16150
16385
16380
16383
16377
16998
15186
16972
16104
17091
15509
17587
15590
16377
16098
16719
16388
16380
16386
16524
16250
16359
16406
16392
16365
16262
16584
16277
16433
16343
16396
16406
16382
16376
16384
16391
16380
16391
16383
16380
16376
16392
16383
16389
16385
16372
16389
16393
16372
16387
16395
16368
16391
16390
16373
16395
16371
16398
16377
16379
16386
16389
16380
16394
16367
16397
16380
16380
16388
16389
16382
16374
16399
16366
16678
16062
16283
16426
16474
16394
16389
16371
16389
16383
16391
16365
16401
16377
16386
16387
16387
16374
16395
16511
16238
16401
16365
16292
16485
16386
16394
16372
16390
16384
16392
16369
16388
16390
16383
16381
16384
16663
16032
16414
16270
16549
16375
16387
16375
16399
16377
16378
16388
16397
16362
16400
16376
16395
16372
16384
16391
16385
16373
16394
16376
16398
16378
16369
16397
16391
16369
16390
16384
16389
16384
16382
16381
16385
16393
16366
16391
16388
16380
16384
16387
16377
16389
16391
16382
16378
16388
16376
16394
16381
16381
16381
16395
16382
16379
16375
16395
16388
16381
16386
16369
16404
16365
16403
16373
16386
16384
16385
16384
16469
16210
16689
15951
16601
16383
16386
16378
16391
16371
16406
16362
16401
16377
16377
16396
16173
16659
16241
16375
16761
16092
16383
16378
16384
16335
16322
16678
16207
16592
15957
16520
16558
16287
16386
16387
16385
16390
16375
16378
16394
16389
16377
16379
16395
16368
16396
16391
16365
16402
16368
16392
16390
16386
16361
16408
16374
16386
16383
16384
16375
16399
16381
16375
16387
16387
16384
16461
16230
16461
16386
16380
16090
16782
16298
16456
16395
16276
16395
16385
16384
16380
16385
16386
16387
16374
16389
16379
16399
16370
16444
16277
16429
16296
16563
16300
16384
16386
16382
16377
16395
16378
16385
16385
16378
16392
16380
16386
16381
16392
16373
16391
16390
16353
16420
16370
16384
16385
16388
16378
16393
16579
15977
16590
16384
16375
16395
16388
16376
16378
16393
16378
16394
16372
16390
16434
16287
16569
16221
16448
16325
16270
16517
16314
16526
16320
16377
16610
15934
16601
16394
16378
16390
16311
16520
16300
16427
16320
16411
16389
16441
16336
16382
16111
16634
16635
16378
15967
16760
16191
16402
16379
16383
16371
16404
16372
16393
16373
16382
16396
16264
16522
16571
15955
16666
16329
16307
17198
15027
16867
16686
16146
16512
16125
16613
16355
16380
16241
16674
16239
16449
16298
16326
16502
16349
16578
16241
16336
16240
16550
16362
16338
16387
16407
17683
14799
16992
15845
16482
15244
17603
16457
16318
16941
15862
16389
16215
16322
16703
16246
16764
16059
16373
16490
15957
16732
16317
16871
15952
16415
16393
16267
16433
16313
16468
16406
16383
16410
16194
16502
16413
16383
16392
16669
16063
16230
16552
16352
16576
16364
16285
15846
17268
16199
16138
16473
16274
16520
16015
16655
16426
16374
16760
15936
16503
16411
15967
17134
15991
16413
16319
16427
16377
16376
16396
16394
16469
16184
16339
16355
16532
16619
16129
16418
16383
16399
16415
16382
16359
16553
16115
16628
16230
15947
17263
15935
16421
16348
16412
16364
16421
16360
16369
16392
16375
16411
16346
16343
16513
16320
16377
16361
16414
16696
15678
16882
16263
16405
16228
16500
16417
16383
16397
16358
16429
16336
16201
17014
16366
15963
16193
16586
16511
16080
16315
16621
16398
16363
16428
16352
16372
16092
17039
16132
17221
15211
15792
17238
16355
16406
16365
16392
16319
16447
16390
16364
16499
16369
15974
16585
16828
15884
16694
16264
16112
16901
15893
16651
16542
16133
16346
16648
16206
16087
16684
16438
16363
16346
16386
16419
16284
16736
16036
16408
16431
16450
16423
16262
16379
16401
16185
16787
16069
16602
16282
16438
16318
16391
16336
16436
16377
16514
16956
15020
16818
16781
15992
16567
16521
16440
16236
16471
16289
16321
16465
16216
16447
16674
16283
16214
16488
16354
16365
16364
16514
16448
16081
16537
16337
16324
16515
16549
16169
16402
16493
16195
16465
16365
16209
17541
14668
17133
16395
16425
16338
16379
16413
16389
16337
16300
16395
16561
16252
16568
16242
16393
16276
16586
16347
16297
16467
16328
16356
16398
16287
16494
16540
16223
16388
16259
16579
16373
16324
16220
16568
16520
16275
16346
16868
15759
15966
16975
16533
16049
16564
16301
16582
16134
16625
16237
16353
16430
16505
16649
15414
16928
16359
16555
16259
16514
16030
16604
16621
16121
16400
16709
15938
16408
16851
15766
16654
16433
16440
16146
16541
16358
16412
16395
16184
16677
16127
16701
16056
16661
16139
16500
16347
16576
16201
16426
16295
16500
16354
16345
16458
16310
16417
16315
16486
16353
16366
16445
16342
16360
16397
16378
16225
16545
16584
16176
16384
16414
16272
16582
16049
16788
16135
16430
16562
16232
16406
16363
16351
16436
16328
16437
16368
16451
16270
16432
16383
16388
16281
16502
16336
16416
16373
16434
16367
16477
16256
16426
16309
16339
16556
16373
16304
16389
16394
16399
16319
16438
16345
16450
16338
16394
16410
16312
16437
16363
16420
16347
16362
16474
16353
16339
16360
16496
16176
16643
16144
16627
16172
16543
16362
16349
16281
16573
16139
16583
16308
16566
16192
16324
16594
16282
16445
16216
16485
16300
16538
16323
16300
16440
16488
16190
16503
16396
16400
16317
16416
16371
16397
16379
16341
16457
16356
16376
16387
16385
16384
16392
16376
16385
16382
16386
16382
16382
16388
16379
16387
16385
16384
16385
16383
16389
16376
16383
16397
16375
16384
16377
16392
16383
16388
16373
16394
16380
16383
16386
16384
16406
16367
16378
16379
16392
16383
16392
16367
16401
16362
16371
16416
16378
16404
16367
16376
16391
16384
16379
16386
16384
16385
16383
16384
16387
16368
16398
16383
16385
16384
16385
16382
16387
16378
16388
16384
16384
16384
16384
16384
16384
16384
16384
16384
16384
16384
16388
16379
16384
16385
16384
16384
16384
16384
16383
16384
16385
16384
16384
16384
16384
16384
16384
16384
16384
16384
16384
16384
16384
16384
16384
16384
16384
16384
16384
16384
16384
16387
16381
16384
16383
16385
16385
16382
16386
16383
16383
16385
16384
16386
16381
16385
16385
16383
16383
16382
16387
16392
16377
16382
16385
16385
16384
16382
16385
16384
16384
16384
16384
16384
16384
16384
16385
16382
16376
16573
16024
16573
16375
16384
16384
16384
16385
16382
16385
16384
16384
16384
16385
16382
16386
16383
16383
16385
16385
16383
16384
16384
16384
16384
16383
16385
16377
16391
16384
16384
16384
16385
16382
16385
16385
16386
16380
16384
16385
16385
16381
16379
16389
16387
16382
16389
16381
16382
16387
16382
16368
16440
16323
16404
16385
16384
16384
16383
16386
16382
16385
16387
16381
16383
16387
16378
16388
16384
16384
16385
16389
16370
16392
16386
16382
16384
16384
16384
16385
16383
16383
16395
16374
16385
16381
16386
16395
16356
16406
16380
16383
16382
16386
16384
16383
16386
16382
16385
16384
16386
16382
16384
16386
16370
16396
16384
16384
16384
16384
16384
16384
16384
16384
16384
16384
16384
16384
16384
16384
16384
16384
16384
16384
16384
16384
16384
16384
16384
16384
16384
16384
16384
16384
16384
16384
16384
16384
16384
16384
16384
16384
16384
16384
16384
16384
16384
16384
16384
16384
16384
16384
16384
16384
16384
16384
16384
16384
16384
16384
16384
16384
16385
16385
16382
16385
16383
16385
16381
16386
16385
16382
16386
16381
16387
16384
16380
16386
16385
16384
16384
16384
16384
16384
16384
16384
16384
16384
16384
16384
16384
16384
16384
16386
16382
16385
16382
16384
16386
16382
16385
16384
16386
16379
16387
16384
16385
16382
16387
16386
16394
16376
16375
16388
16377
16391
16384
16381
16384
16388
16380
16385
16385
16389
16376
16387
16367
16401
16384
16384
16384
16384
16384
16384
16384
16384
16384
16384
16384
16384
16384
16384
16395
16376
16386
16374
16401
16361
16387
16407
16370
16396
16369
16352
16418
16384
16387
16380
16386
16377
16391
16382
16384
16386
16384
16383
16384
16383
16385
16383
16385
16393
16370
16389
16384
16384
16384
16384
16385
16383
16384
16383
16385
16384
16384
16384
16393
16375
16384
16384
16384
16384
16384
16384
16384
16384
16384
16384
16384
16384
16384
16375
16393
16384
16395
16362
16395
16396
16372
16383
16384
16384
16385
16388
16380
16381
16386
16384
16386
16383
16383
16386
16385
16382
16385
16384
16379
16382
16390
16383
16386
16387
16377
16389
16379
16390
16377
16390
16383
16381
16388
16381
16384
16389
16377
16385
16386
16384
16384
16383
16385
16384
16384
16384
16383
16385
16384
16384
16384
16385
16383
16391
16379
16381
16386
16383
16385
16383
16384
16384
16384
16384
16384
16384
16383
16386
16383
16384
16384
16383
16385
16385
16382
16385
16384
16385
16383
16382
16386
16385
16382
16384
16385
16383
16386
16382
16385
16384
16384
16384
16385
16384
16385
16382
16407
16349
16400
16375
16391
16368
16389
16394
16382
16385
16384
16384
16385
16382
16385
16384
16384
16385
16383
16383
16386
16383
16384
16384
16384
16384
16384
16384
16384
16384
16385
16382
16385
16385
16383
16383
16386
16382
16386
16383
16385
16382
16385
16384
16385
16382
16384
16386
16383
16384
16385
16382
16384
16386
16384
16381
16386
16384
16384
16384
16384
16384
16384
16384
16383
16388
16379
16386
16383
16385
16384
16384
16387
16378
16388
16383
16386
16387
16372
16391
16384
16383
16385
16385
16383
16384
16384
16384
16384
16384
16384
16384
16384
16384
16384
16384
16384
16384
16384
16390
16379
16381
16387
16381
16387
16383
16385
16381
16387
16384
16383
16382
16387
16384
16384
16382
16384
16386
16383
16384
16385
16382
16386
16383
16383
16386
16383
16383
16385
16383
16386
16384
16382
16382
16387
16388
16380
16384
16383
16386
16378
16389
16383
16386
16385
16382
16384
16384
16384
16385
16384
16383
16382
16386
16387
16373
16392
16384
16393
16376
16382
16385
16385
16383
16385
16381
16387
16382
16388
16381
16383
16386
16383
16385
16382
16386
16383
16383
16385
16384
16383
16386
16383
16385
16382
16387
16381
16387
16382
16382
16387
16382
16385
16386
16379
16387
16384
16385
16375
16392
16385
16383
16386
16383
16382
16385
16384
16384
16385
16383
16383
16384
16386
16383
16383
16386
16383
16384
16384
16385
16383
16384
16385
16382
16385
16384
16383
16385
16385
16383
16384
16384
16383
16386
16385
16382
16384
16384
16381
16387
16384
16384
16385
16383
16384
16383
16385
16383
16385
16384
16385
16384
16382
16385
16384
16384
16384
16384
16383
16387
16382
16384
16385
16382
16385
16385
16383
16384
16384
16384
16384
16382
16389
16380
16385
16384
16385
16379
16390
16382
16385
16381
16387
16383
16383
16385
16384
16383
16385
16385
16382
16387
16382
16382
16389
16380
16385
16380
16392
16380
16384
16384
16384
16384
16384
16384
16384
16384
16384
16384
16384
16384
16384
16384
16382
16385
16388
16381
16383
16385
16384
16383
16385
16385
16382
16386
16382
16386
16383
16384
16385
16381
16386
16385
16383
16384
16383
16386
16383
16385
16381
16387
16382
16385
16384
16384
16384
16383
16385
16384
16384
16385
16383
16384
16385
16382
16386
16383
16376
16392
16384
16384
16384
16384
16384
16384
16385
16383
16384
16384
16384
16384
16383
16385
16384
16384
16384
16384
16384
16384
16384
16384
16384
16384
16384
16384
16384
16384
16384
16384
16384
16384
16384
16384
16384
16384
16384
16384
16384
16385
16382
16385
16385
16382
16385
16385
16382
16385
16384
16384
16384
16384
16384
16384
16384
16384
16384
16384
16384
16384
16384
16384
16384
16384
16384
16384
16384
16385
16382
16385
16385
16383
16384
16383
16386
16383
16383
16385
16389
16380
16384
16381
16386
16383
16385
16384
16384
16384
16386
16382
16384
16384
16384
16384
16384
16384
16384
16383
16386
16383
16384
16384
16385
16382
16386
16382
16385
16385
16383
16384
16382
16386
16384
16384
16387
16381
16382
16385
16384
16385
16386
16383
16382
16385
16383
16385
16384
16384
16383
16385
16384
16384
16385
16383
16383
16385
16383
16386
16383
16383
16386
16382
16385
16385
16384
16382
16386
16383
16384
16382
16388
16382
16385
16383
16384
16384
16385
16381
16385
16385
16384
16384
16384
16384
16383
16384
16386
16384
16383
16383
16385
16384
16384
16385
16382
16385
16384
16385
16382
16385
16385
16383
16383
16385
16385
16383
16385
16383
16383
16386
16382
16385
16382
16386
16384
16385
16383
16383
16390
16378
16385
16384
16382
16387
16383
16383
16386
16382
16385
16384
16384
16385
16383
16382
16386
16384
16389
16380
16378
16389
16381
16387
16384
16384
16384
16384
16384
16385
16382
16385
16385
16382
16386
16384
16383
16383
16385
16385
16383
16383
16385
16386
16381
16384
16386
16383
16384
16383
16385
16385
16383
16384
16384
16383
16386
16382
16386
16382
16387
16381
16384
16385
16385
16383
16384
16383
16386
16382
16385
16385
16384
16383
16384
16383
16386
16383
16384
16382
16381
16391
16382
16384
16384
16385
16382
16384
16386
16383
16384
16384
16385
16382
16385
16384
16384
16383
16385
16384
16384
16383
16384
16386
16384
16383
16384
16385
16383
16384
16384
16385
16383
16384
16384
16384
16384
16381
16389
16381
16386
16383
16384
16384
16384
16384
16384
16384
16383
16385
16383
16386
16385
16382
16385
16384
16378
16388
16383
16387
16387
16380
16385
16382
16383
16384
16387
16381
16387
16381
16393
16377
16384
16385
16379
16392
16378
16383
16387
16385
16386
16381
16378
16389
16386
16385
16389
16377
16372
16398
16381
16386
16380
16392
16379
16387
16384
16378
16378
16395
16382
16386
16383
16383
16380
16400
16372
16384
16383
16384
16390
16378
16385
16387
16372
16391
16389
16378
16385
16388
16394
16370
16389
16380
16384
16393
16361
16399
16384
16384
16384
16384
16384
16384
16384
16384
16384
16384
16384
16390
16379
16382
16385
16383
16386
16383
16384
16383
16386
16383
16384
16383
16393
16376
16383
16385
16385
16382
16385
16384
16374
16395
16381
16386
16386
16380
16389
16382
16385
16378
16390
16383
16381
16387
16382
16387
16385
16380
16384
16385
16386
16378
16383
16391
16381
16385
16383
16386
16384
16382
16386
16384
16380
16388
16384
16384
16381
16387
16385
16378
16387
16386
16382
16385
16385
16383
16383
16386
16383
16384
16384
16384
16384
16384
16385
16382
16385
16384
16383
16385
16384
16384
16384
16385
16383
16384
16384
16384
16384
16384
16384
16384
16384
16384
16384
16384
16384
16384
16384
16384
16384
16384
16384
16384
16385
16382
16386
16383
16383
16385
16384
16384
16384
16384
16392
16376
16385
16383
16384
16384
16384
16383
16385
16383
16386
16383
16384
16383
16386
16383
16384
16384
16385
16384
16382
16386
16383
16383
16383
16388
16373
16393
16384
16384
16384
16384
16384
16384
16384
16384
16384
16384
16384
16384
16384
16384
16384
16384
16384
16384
16384
16384
16384
16384
16384
16384
16384
16384
16384
16384
16384
16384
16384
16384
16384
16384
16384
16384
16384
16384
16384
16384
16384
16384
16384
16385
16382
16385
16384
16384
16384
16384
16384
16384
16384
16384
16384
16384
16384
16384
16384
16385
16383
16384
16384
16383
16386
16383
16384
16384
16384
16383
16385
16384
16384
16384
16384
16384
16384
16384
16385
16383
16384
16385
16382
16385
16385
16383
16384
16384
16384
16383
16385
16384
16384
16384
16384
16385
16382
16385
16384
16384
16384
16384
16384
16384
16385
16383
16383
16385
16384
16384
16386
16380
16386
16383
16385
16385
16384
16381
16388
16381
16385
16385
16382
16386
16382
16385
16383
16386
16383
16384
16384
16384
16384
16401
16354
16394
16387
16382
16386
16384
16385
16385
16383
16382
16393
16373
16379
16392
16384
16385
16382
16385
16387
16379
16387
16388
16373
16405
16355
16397
16385
16384
16384
16384
16384
16384
16384
16384
16384
16384
16384
16384
16384
16384
16384
16383
16385
16384
16385
16382
16386
16384
16383
16383
16385
16384
16385
16383
16383
16385
16384
16384
16385
16383
16383
16385
16384
16384
16384
16385
16383
16383
16386
16381
16386
16384
16384
16384
16385
16381
16386
16384
16385
16381
16386
16384
16383
16385
16387
16380
16383
16386
16382
16387
16384
16382
16386
16381
16387
16384
16383
16385
16382
16384
16385
16383
16387
16383
16385
16382
16385
16382
16385
16384
16384
16384
16384
16384
16384
16384
16384
16384
16384
16384
16384
16384
16384
16384
16384
16384
16384
16384
16384
16384
16384
16384
16384
16384
16384
16384
16384
16384
16384
16384
16384
16384
16384
16384
16388
16380
16384
16387
16381
16384
16383
16385
16384
16384
16386
16377
16388
16388
16382
16380
16387
16385
16382
16384
16387
16382
16384
16384
16385
16383
16385
16382
16384
16386
16383
16384
16385
16382
16385
16383
16385
16384
16383
16385
16385
16379
16388
16384
16384
16384
16384
16384
16384
16385
16383
16385
16383
16383
16387
16380
16387
16381
16386
16384
16384
16384
16384
16384
16384
16384
16384
16383
16385
16384
16384
16383
16385
16386
16382
16384
16384
16384
16384
16384
16392
16376
16383
16385
16384
16384
16385
16382
16384
16384
16386
16384
16380
16386
16385
16385
16383
16383
16387
16381
16386
16386
16380
16380
16389
16383
16388
16381
16382
16389
16382
16375
16409
16353
16405
16377
16397
16380
16375
16373
16375
16403
16385
16384
16385
16383
16384
16382
16381
16387
16386
16392
16378
16382
16382
16386
16385
16391
16375
16386
16383
16387
16381
16384
16383
16374
16396
16379
16402
16370
16383
16386
16383
16384
16383
16386
16383
16384
16376
16401
16380
16374
16389
16384
16384
16384
16383
16372
16403
16376
16384
16408
16366
16371
16394
16379
16390
16378
16392
16377
16387
16382
16389
16358
16407
16388
16380
16378
16385
16394
16382
16381
16387
16380
16386
16388
16377
16386
16384
16383
16396
16372
16384
16385
16384
16384
16384
16384
16384
16385
16382
16385
16386
16382
16384
16384
16381
16387
16383
16387
16384
16382
16383
16385
16384
16384
16384
16384
16384
16384
16384
16384
16383
16385
16385
16382
16386
16383
16384
16384
16388
16380
16384
16385
16381
16385
16385
16384
16384
16387
16381
16384
16384
16384
16384
16384
16383
16385
16384
16385
16382
16385
16385
16383
16384
16384
16384
16384
16384
16384
16384
16384
16383
16385
16384
16384
16384
16384
16385
16383
16379
16389
16384
16383
16386
16383
16383
16385
16384
16384
16385
16382
16385
16385
16385
16381
16386
16383
16383
16386
16382
16387
16379
16388
16382
16385
16384
16384
16384
16385
16382
16385
16384
16385
16383
16384
16384
16383
16386
16383
16376
16408
16360
16386
16386
16393
16378
16383
16386
16393
16395
16378
16348
16405
16410
16328
16409
16406
16398
16333
16397
16377
16441
16350
16322
16438
16385
16372
16393
16395
16392
16363
16414
16376
16393
16359
16308
16467
16388
16356
16454
16253
16500
16365
16356
16393
16373
16390
16414
16319
16416
16405
16346
16403
16391
16365
16401
16386
16380
16385
16382
16386
16387
16379
16384
16385
16385
16386
16385
16387
16372
16388
16386
16383
16385
16384
16383
16385
16385
16382
16385
16385
16383
16385
16383
16383
16385
16383
16386
16381
16387
16383
16384
16384
16384
16384
16383
16385
16384
16384
16384
16384
16384
16384
16384
16384
16384
16385
16382
16385
16384
16385
16382
16385
16385
16382
16385
16385
16382
16386
16382
16384
16385
16383
16385
16383
16386
16383
16385
16383
16386
16381
16385
16383
16386
16382
16386
16383
16384
16385
16381
16386
16385
16383
16385
16383
16384
16383
16386
16382
16385
16384
16384
16384
16384
16384
16384
16384
16384
16384
16383
16384
16388
16380
16385
16384
16385
16383
16383
16385
16383
16387
16380
16386
16384
16384
16384
16384
16401
16368
16384
16380
16388
16382
16384
16385
16384
16383
16386
16383
16383
16384
16386
16385
16380
16385
16386
16383
16384
16369
16407
16376
16384
16383
16384
16386
16384
16382
16386
16384
16383
16383
16385
16385
16382
16386
16383
16383
16384
16385
16383
16386
16386
16382
16382
16385
16382
16386
16384
16384
16383
16385
16380
16394
16378
16385
16382
16385
16384
16387
16381
16384
16384
16384
16384
16384
16384
16384
16384
16384
16384
16384
16384
16385
16382
16384
16386
16383
16385
16382
16385
16383
16386
16383
16384
16384
16384
16384
16384
16383
16387
16381
16385
16385
16383
16384
16384
16382
16386
16384
16375
16393
16384
16384
16385
16383
16383
16394
16375
16376
16392
16384
16384
16384
16384
16384
16383
16386
16392
16375
16384
16383
16384
16385
16385
16383
16385
16384
16381
16386
16383
16387
16382
16383
16386
16383
16385
16382
16385
16383
16385
16384
16385
16384
16383
16385
16383
16380
16389
16382
16385
16383
16384
16388
16382
16383
16384
16386
16381
16385
16384
16383
16386
16384
16379
16388
16385
16384
16383
16384
16379
16390
16383
16383
16386
16383
16385
16381
16386
16384
16379
16389
16384
16384
16384
16384
16385
16382
16385
16384
16384
16385
16383
16384
16384
16384
16385
16384
16390
16378
16383
16373
16395
16387
16385
16382
16374
16392
16385
16383
16383
16386
16383
16384
16383
16386
16390
16369
16390
16394
