cfgFile=sz.config
[SZ] Reading SZ configuration file (sz.config) ...
intvCapacity=65536
intvRadius=32768
min:2231.360000
max:270363000.000000
36884
30885
55784
35006
14095
27712
65446
57337
45576
8486
61810
27988
40151
19097
357
27855
19744
3176
22713
47753
26513
46335
55996
22242
61005
57396
49038
60541
57458
15247
44303
17023
32458
60278
52647
7304
28426
27850
60041
17141
40557
37606
42878
13014
3394
15515
26014
33074
45283
35904
58563
24738
3131
64547
34177
19922
29411
25576
12776
timecost, 0.008558, seconds
done
