968
cfgFile=sz.config
[SZ] Reading SZ configuration file (sz.config) ...
sz_compress
SZ_compress_args
SZ_double
SZ_compress_args_double
min:68979.421875
max:166311.625000
ebm:4
2-PW_REL
4273
4608
5470
3655
3469
4473
729
3676
4013
6623
2051
4095
4095
4864
2155
4861
1438
6006
2265
4035
3783
2286
8035
800
7158
3601
2880
4486
3939
3298
4844
2731
5487
4041
3604
12
528
5681
1787
6982
4887
4286
4528
5122
7728
1158
4140
4047
4098
4094
4090
4103
4096
4096
4096
4096
4096
4096
4131
4062
4093
4100
4090
4097
4098
4093
4061
4135
4095
4097
4116
4094
4092
3919
4421
3740
4479
3773
4126
2471
6488
2958
4811
3738
4061
4139
4076
4103
4112
4087
4126
4038
4119
4097
4112
4079
4097
4097
2364
6816
3064
5202
2390
4611
5151
1956
5272
2631
5884
4555
2906
3194
4776
1129
6837
3415
2963
5489
6874
662
1569
2631
4898
4129
6224
988
2752
1226
7065
2784
4562
7468
5477
3372
1793
3076
4835
2917
6823
2613
5203
4627
4560
3725
6394
1162
4907
2099
3255
6931
4800
1105
5504
2326
6901
2672
3555
5025
3963
4263
3139
5518
3544
4490
2890
4832
5007
2784
4149
3216
5623
4148
3099
4912
3892
4078
3511
4406
4703
3555
5269
3797
3051
2827
6144
7279
4617
4760
4725
4130
2960
5056
3503
2330
5010
4656
4524
1256
7306
7536
6232
2657
3703
3924
2256
5707
3874
4215
8029
5707
2834
3859
5097
2385
5322
6657
1795
4318
3869
3132
5083
2837
5534
3830
5121
4493
4276
5313
7511
4922
2632
3957
4096
4215
2471
6445
3830
3461
4935
7600
4498
3237
7858
484
4056
3923
4525
3708
1252
7968
3880
2949
4729
1523
5738
2554
4304
4112
2031
5174
2735
5208
3318
2730
5680
3946
6393
5897
4313
3431
4895
4587
589
2931
3784
4113
2793
3969
2436
3394
6815
4020
3927
3859
4734
951
3898
5109
3463
4290
2046
5070
3087
8056
5420
4422
5031
3548
889
7383
4178
4021
5549
3225
3496
3933
2834
5721
3693
4060
4792
1948
1895
8020
1481
7617
378
5628
3933
3986
5330
3156
2332
5750
7731
2595
3543
3467
5507
4292
3837
4142
3968
4332
4372
2747
5183
4030
3000
4736
2345
6264
6946
749
4023
4139
4088
5968
4990
3559
4672
2925
4155
4227
3412
4706
4082
4112
5166
2734
4739
1291
1761
3622
1583
4272
4014
5984
2290
4038
3871
7135
1932
7467
6870
2051
2591
5360
2625
5707
3917
5670
667
5808
5248
3111
4597
3683
5086
2334
2630
1958
4062
4352
1574
6996
3208
5173
1904
7173
1804
5960
2894
4717
3388
2447
5849
4050
3897
5
7242
2400
1537
1834
3013
1697
7851
3063
3696
4185
4072
4746
3308
4284
815
1659
8130
2303
1462
3893
4758
1187
6321
3099
3631
4147
4451
4132
4469
3659
4261
4149
3837
4172
4213
2934
6215
3905
3568
3607
3064
6871
2720
2249
6828
3068
3166
4965
5270
1941
5125
4130
5072
3120
3976
4151
4129
3614
3814
5097
3996
3605
4874
4034
3651
4722
3521
3703
4416
5240
2988
4136
3148
4886
4131
2377
8132
1917
4125
4043
4147
4076
4080
4137
4035
4152
4052
4119
3695
4929
3639
4121
4097
4085
4106
4103
4079
4124
4095
4052
4114
4061
4104
4103
4847
2652
4806
4149
3676
4719
4363
3592
4321
3922
3994
4049
3721
5075
3540
4136
4110
4084
3928
4239
2932
6185
3772
3440
3355
5558
3293
3566
5313
3307
4968
3242
4335
4034
4178
4082
4123
4018
4149
4096
4162
4027
4098
4031
4163
4094
4097
4094
4110
4083
4093
4103
4079
4108
4098
4095
4096
4097
4097
4094
4095
4097
4097
4102
4082
4103
4097
4096
4117
4077
4094
4094
4060
4164
4049
4112
4116
4077
4094
4097
4130
4062
4094
4101
4083
4114
4067
4122
4062
4124
4100
4095
4107
4086
4093
4093
4094
4115
4083
4093
4095
4096
4100
4095
4102
4088
4100
4097
4108
4085
4089
4095
4089
4100
4101
4100
4107
4084
4094
4097
4097
4096
4096
4094
4064
4129
4096
4096
4133
4060
4093
4100
4085
4104
4099
4095
4075
4109
4103
4090
4148
4048
4097
4097
4061
4131
4097
4095
4119
4075
4093
4099
4089
4101
4095
4098
4100
4089
4096
4099
4083
4098
4068
4144
4160
4023
4099
4089
4072
4121
4098
4093
4090
4104
4097
4097
4094
4097
4096
4096
4097
4095
4097
4095
4097
4096
4094
4099
4072
4126
4092
4092
4138
4053
4098
4096
4089
4101
4099
4097
4111
4078
4091
4104
4085
4108
4091
4099
4088
4102
4096
4095
4097
4092
4100
4097
4077
4039
4189
4066
4200
4001
4098
4099
4079
4112
4094
4098
4109
4084
4097
4093
4098
4092
4098
4100
4092
4098
4095
4092
4086
4108
4098
4093
4072
4108
4100
4096
4173
4029
4094
4099
4091
4098
4103
4090
4116
4076
4095
4099
4092
4098
4100
4098
4054
4136
4091
4098
4125
4062
4100
4076
timecost, 0.003512, seconds
done
