cfgFile=sz.config
[SZ] Reading SZ configuration file (sz.config) ...
intvCapacity=8192
intvRadius=4096
min:12648.851562
max:276042.312500
607
4088
4105
4103
4087
4089
4106
6898
786
5620
4156
2454
5254
3366
4497
3504
4728
4287
3351
4687
4504
4878
4718
4724
3327
7546
3486
4106
5808
2893
6939
2864
4362
5120
3767
4845
4532
4287
3885
5207
2449
8115
320
3871
4498
8155
1930
4236
4073
4058
4072
4091
4066
4076
4098
4099
4082
4103
4105
4105
4110
4090
4110
4083
4112
4071
4249
3845
4199
4012
3921
4202
4243
3604
2369
5614
5673
3021
1597
302
1103
1488
391
4885
276
1162
2074
6782
2104
1523
4635
5202
4076
4231
3634
3221
5297
3256
4177
4271
3492
5205
3425
4358
4500
3215
3689
5221
4076
3750
4166
3743
4671
4258
3735
3368
5118
3748
4215
4319
3487
4344
4449
3811
4232
3464
4841
3693
5379
1742
5343
4524
3237
5388
2517
5221
1908
4581
4797
925
3755
4573
4881
1575
4489
6194
1506
5861
4525
3312
4759
3492
5692
2959
3974
4740
5324
4582
1325
7016
7151
3985
2041
5198
2259
4342
2966
4721
3486
3594
3249
3836
4079
4213
4115
3879
3560
2640
5566
3438
4466
7037
4645
3820
3999
4092
4138
3969
3919
3994
3769
3724
3817
3476
1337
2273
5768
7451
2545
2230
4461
4057
4989
4982
3119
4505
4023
3056
5011
4782
3512
5511
2529
7859
1897
3275
4147
3966
178
1274
2211
5241
5342
3950
4535
3687
4901
3630
4575
3968
3510
4788
3167
4081
3801
4518
3513
4120
3859
5208
8181
2987
3649
4322
4193
3916
6282
3057
3069
3083
3555
3573
4420
5373
1262
5238
2059
3585
2765
1830
2934
3090
3675
3533
2929
7056
4833
270
5884
4258
3883
5682
2032
5109
3861
3908
3993
3945
2259
5261
1500
998
1208
3782
4246
3021
2553
4560
6550
7621
4994
4162
4736
4696
4429
4057
4465
4290
4275
4911
3677
5311
3292
4520
3725
3681
4321
3921
3868
3950
3935
3918
4028
4086
4232
3526
3917
3083
4748
3689
3981
4258
4146
3987
3914
3956
3974
4296
4672
3606
4848
4850
2089
3032
3624
4785
4258
5031
5052
3460
3362
4021
4027
3948
3752
3996
4014
2313
4562
1340
6769
4797
3084
7881
6108
8062
2188
3162
1216
3228
2242
3091
7130
1061
6720
1550
6679
700
6731
1374
7224
1688
5768
2230
8095
1044
6473
2243
5831
2648
3074
6510
5912
363
4314
7165
2999
2048
5504
3599
3469
4875
2992
4711
4518
3620
4208
3838
4304
4342
3869
4090
4157
3914
4215
4375
3775
4508
3852
4208
4578
3860
4684
4367
3887
5025
5469
3655
2775
2322
2499
5342
3169
3922
5279
3681
3669
4381
3777
5372
2739
4066
4292
3838
5216
3063
4679
3495
4683
4357
3371
4928
2439
5844
2946
5000
4274
2513
5282
3844
5002
2780
4586
3859
4320
3844
4402
4252
3990
3776
4579
3448
4288
4758
3792
3838
3974
4158
4541
3657
4605
3727
3897
4333
4352
3535
4258
3176
4189
1857
4133
3220
3617
5897
3603
4640
4569
4134
4204
4048
4220
3804
4959
3793
3548
4319
4123
4281
3873
4088
4112
4504
3532
4614
4132
3916
3905
4048
4429
3363
4871
4483
3023
3598
5001
1071
2812
4907
2365
5001
5475
2737
3921
3779
6518
1763
4863
3874
3775
5450
2127
6020
2790
4535
4624
3824
4397
2867
4980
3426
5975
1473
5412
5022
1665
6847
1980
5022
4780
2386
4643
5831
1739
5326
4357
3427
4448
3181
5860
1989
4602
5229
2722
5978
2529
5007
7212
1996
5685
4204
3397
4282
4125
4088
4120
4141
4135
4175
4225
3848
4463
4037
4069
4094
3999
4315
3911
4022
4525
3757
4231
4033
4084
4063
4248
3866
3827
4796
4149
2851
4761
3501
4031
3424
6470
3112
4101
4681
3497
4120
4641
3182
4705
4165
4504
3687
3993
4234
3754
4327
3814
4649
3986
4016
3697
4888
3797
4032
4379
3624
4179
4443
3538
5313
2315
5784
3055
3930
3234
4681
3445
1921
2194
5853
3159
3490
1999
6348
6291
4956
2820
3730
5373
4096
2362
5240
4124
6022
4145
4252
3617
3468
4474
4114
4325
3902
4330
3966
4321
4005
4236
4133
4047
4403
3803
4201
4112
4121
4092
4072
3982
4249
4661
3245
4250
4103
4195
4078
4028
4288
3517
5549
2586
4555
3676
2990
3121
2045
2726
5408
3591
4017
6005
620
6210
4140
5148
1393
5567
5610
1215
5746
3409
4697
3729
3759
4481
3691
4330
4167
4405
3447
4500
4056
3586
5092
3194
5474
2481
4328
5297
2965
4421
5319
1473
5564
4681
3258
3507
5000
4248
4070
3863
4483
7452
3743
3419
3559
4356
4762
timecost, 0.011397, seconds
done
