37122
39623
28826
43355
13630
44485
29667
32761
32775
32774
32762
32760
32777
35260
29824
34124
32821
31308
33798
32119
33124
32242
33563
33009
31830
33513
33281
33754
33549
33560
31925
36551
32100
22164
47854
32779
61285
34029
32024
31837
34023
32939
31462
33525
32695
32753
33623
31769
32380
33399
33258
32211
33466
32055
32258
33375
33225
31662
33516
32515
33229
32908
32355
33137
31219
34587
31365
33667
33014
32622
32480
32454
33524
32095
32401
36013
29271
35565
29910
32722
33099
35068
32439
27251
39097
29402
37295
28130
33450
35179
30706
33161
29337
36903
33720
31981
32251
30240
35681
33143
28344
36373
33378
31219
32005
35290
32428
32545
33303
31573
31187
35004
31688
32350
32822
28399
37669
33167
32936
32367
33046
32325
32460
34836
30559
32929
33834
33562
42707
3253
56279
26159
32360
32609
33542
32022
31949
32714
8638
36224
31257
33062
27312
50710
3956
52122
36688
7819
50245
46522
7349
33258
8742
58766
56493
56865
53055
12388
9600
53908
60368
53188
55181
16752
26745
36557
31539
7630
53746
62574
8167
24961
43574
1260
61533
27368
37472
33017
55546
4269
40919
2759
57324
35660
31295
30817
35453
58386
24836
11881
30544
31715
10895
57364
47340
14592
19973
64288
15268
34855
17164
63357
367
48092
35635
55824
5890
31552
15287
54052
34322
30519
48446
15280
36844
14955
48858
32369
30598
35991
38829
19874
38450
33077
32799
32334
33019
33198
31609
34400
31587
32648
38661
27261
27375
43119
24582
36088
33171
32503
32340
33045
32892
32613
32809
33151
33221
31402
33381
32945
33112
31712
45722
18093
27481
41967
25249
40318
31127
32906
41559
21989
37696
29632
31727
34304
33473
31458
32785
32570
33953
31859
33047
33179
31420
33907
31345
33962
33800
30731
34586
30151
34440
32598
34198
30376
34253
31908
33316
33123
20493
44421
32597
33168
32698
33117
32267
33103
32419
33129
44325
21052
32231
33649
32388
32570
32792
32965
32501
34906
20999
42047
33521
32851
31350
34199
32550
32813
32898
31995
33379
32465
32932
32743
32914
32608
33132
32605
32628
32985
41885
13046
52937
17262
37567
34716
31422
33276
33632
34629
42175
14849
38542
34381
25572
39260
33163
37717
31071
27717
26081
45594
21214
35612
39192
29721
29511
36038
34998
37719
11135
49914
31864
31070
32379
35199
27398
36690
31520
34019
41799
13370
42652
32453
32865
33842
38493
24108
36662
28060
37883
32369
20776
42324
33430
32694
31336
34163
32622
33062
32634
32238
32813
32946
33123
32684
32780
32312
33006
32776
33038
32866
32662
41258
21829
29507
36583
35073
31796
33210
33148
31718
33389
33367
31408
33451
32941
32121
41434
17831
43844
28487
32769
32768
32769
32766
32770
32767
32768
32768
32768
32768
32768
32768
32768
32768
32768
32768
32768
32769
32767
32767
32770
32767
32768
32768
32768
32768
32768
32769
32767
32768
32768
32768
32767
32769
32769
32766
32770
32767
32768
32768
32768
32768
32769
32766
32769
32769
32766
32770
32767
32768
32768
32768
32768
32768
32768
32768
32768
32768
32769
32766
32769
32769
32766
32770
32767
32768
32768
32768
32768
32768
32768
32769
32767
32768
32767
32769
32769
32766
32763
32775
32767
32768
32768
32768
32768
32768
32769
32766
32769
32768
32768
32768
32769
32767
32768
32768
32768
32768
32768
32768
32768
32768
32768
32769
32767
32767
32769
32768
32768
32768
32768
32769
32767
32768
32768
32768
32769
32767
32768
32768
32768
32768
32768
32768
32768
32768
32768
32768
32768
32769
32766
32770
32767
32768
32768
32768
32768
32768
32768
32768
32768
32768
32768
32768
32768
32769
32767
32768
32768
32768
32768
32768
32768
32768
32768
32768
32768
32768
32770
32766
32767
32769
32767
32769
32768
32770
32766
32769
32765
32770
32768
32768
32768
32768
32768
32769
32766
32769
32768
32769
32767
32767
32770
32767
32768
32769
32767
32767
32769
32768
32768
32768
32768
32769
32767
32768
32768
32768
32790
32745
32778
32765
32762
32768
32765
32774
32764
32761
32786
32758
32768
32768
32767
32768
32769
32768
32767
32770
32766
32768
32768
32774
32762
32769
32768
32768
32768
32768
32768
32767
32769
32756
32778
32772
32762
32772
32766
32769
32756
32781
32768
32768
32768
32768
32768
32768
32768
32768
32768
32768
32768
32768
32768
32768
32768
32768
32768
32768
32768
32768
32768
32769
32767
32768
32768
32768
32768
32768
32769
32781
32752
32778
32758
32771
32747
32788
32768
32768
32768
32768
32768
32768
32768
32768
32769
32767
32767
32771
32764
32770
32769
32766
32769
32769
32767
32768
32768
32768
32768
32769
32767
32767
32769
32769
32767
32768
32768
32768
32768
32768
32769
32767
32767
32770
32766
32769
32768
32768
32769
32776
32750
32777
32768
32768
32777
32750
32786
32759
32760
32775
32778
32759
32768
32768
32768
32760
32785
32750
32777
32777
32759
32759
32777
32780
32756
32768
32768
32757
32779
32768
32767
32769
32768
32768
32780
32759
32765
32765
32785
32759
32761
32770
32767
32767
32772
32764
32772
32764
32768
32770
32768
32766
32771
32766
32772
32742
32814
32745
32766
32770
32768
32770
32764
32768
32770
32768
32768
32766
32772
32764
32779
32757
32747
32815
32741
32767
32774
32764
32790
32730
32786
32768
32761
32765
32777
32769
32768
32768
32768
32768
32769
32767
32784
32750
32756
32782
32800
32734
32762
32774
32774
32760
32752
32804
32754
32764
32772
32781
32739
32780
32770
32760
32768
32785
32750
32778
32775
32761
32758
32777
32802
32732
32771
32771
32760
32770
32770
32764
32772
32768
32769
32767
32766
32770
32768
32768
32766
32774
32762
32772
32764
32772
32762
32770
32770
32771
32760
32778
32762
32767
32771
32772
32761
32765
32773
32765
32776
32761
32651
32960
29410
36103
32596
38058
22904
42660
20278
39634
35040
31031
41255
13448
51839
23002
31027
32536
36368
32059
35165
30458
32799
32805
31502
34009
32613
33037
33175
32215
32571
37469
23700
37302
34375
29814
27447
42357
32782
26470
45981
22756
27777
42624
27937
32845
32200
28970
32123
41286
34483
27494
31330
29413
38664
31451
28810
37483
32770
34162
35112
21184
42195
31235
32107
29490
43541
25117
26968
38364
38643
27894
24912
40429
35296
27996
34304
41207
22858
34285
26047
39413
32956
38327
29303
27035
37542
31623
31739
33290
34597
27547
40484
29445
32604
33711
31648
27260
39503
33278
28451
35551
32777
36464
28716
32884
32766
32637
28131
37480
32944
37749
27345
37974
18226
45894
26555
36776
31951
29715
37708
30334
34120
32576
30497
34602
31714
34096
30998
33500
33034
33886
31505
31925
33874
32493
33138
32385
32548
33280
32481
32587
32361
34138
31540
33157
33786
31413
31472
36417
31285
31079
34796
31403
33450
32592
32807
32653
33979
31253
33434
32490
32220
33841
32187
32981
32072
33634
33236
31659
33557
31663
33083
33466
32889
32581
32023
33100
33469
31739
32995
33879
31816
33238
31637
33703
32964
32509
32666
32650
32614
33498
32372
32540
33053
32817
32509
32897
32639
32851
32608
32929
32807
32424
33088
32873
32668
32848
32432
33531
32246
32757
32587
32946
32963
32293
33474
32297
32545
33352
32281
33129
32541
32871
32704
32810
32597
33066
32498
33036
32463
32991
32592
33146
32470
32626
32974
32763
32739
32790
32815
32749
32711
32790
32692
32916
32591
32855
32827
32657
32847
32725
32839
32718
32776
32762
32767
32774
32765
32766
32770
32767
32768
32768
32770
32757
32779
32770
32762
32775
32759
32775
32763
32767
32771
32766
32781
32758
32765
32763
32766
32772
32776
32768
32784
32739
32782
32764
32772
32769
32751
32797
32741
32785
32744
32780
32787
32765
32762
32765
32760
32783
32736
32806
32764
32738
32809
32751
32762
32778
32761
32707
32830
32768
32767
32764
32767
32779
32764
32750
32778
32772
32769
32767
32769
32788
32735
32783
32768
32768
32766
32776
32734
32792
32770
32787
32748
32766
32775
32765
32762
32781
32762
32748
32788
32759
32774
32769
32758
32779
31461
34576
32330
32743
32258
32431
35736
29720
34550
30898
30121
36363
33843
30717
34566
32981
30604
43166
14897
48108
19893
37627
44701
15445
42319
23389
42247
27141
36929
30037
34438
37256
22943
37989
42103
13674
43108
31096
33155
38759
22508
40396
29599
29289
37356
33948
28133
36064
31978
53079
43622
36338
32219
32238
30289
38414
30274
32941
32004
35355
29569
34095
31393
33971
33455
33198
29999
34270
33969
32154
31661
33990
33275
30599
34247
31540
35052
29648
35114
31719
32898
33237
34044
29772
34290
33018
31276
35130
31343
33436
32122
32670
28409
61793
45896
60627
56189
42358
16041
41415
37440
27669
35183
21638
50478
14073
42961
38725
27083
30892
30694
42371
26474
23198
47304
26570
34081
33060
31411
34582
28670
36859
32555
57305
53163
41325
33105
27043
28493
35014
36831
36798
23911
38082
32258
37003
25828
48425
2877
45701
42028
24713
30367
42695
27402
30194
34854
37528
20457
47094
26521
30558
36345
29247
34987
34550
29927
33674
26122
39846
38887
27537
27366
36196
34497
28121
38023
32399
35982
21198
42174
29621
31339
39230
27472
32484
29651
46213
22265
31803
32698
39384
23845
39566
25199
38792
33994
34770
27381
33505
35018
28025
45073
23004
28035
35140
36236
39581
25644
24582
41079
31958
40890
29657
18609
44022
45040
29362
36645
8304
60379
18182
39066
27632
32688
54893
59838
29308
37854
12904
34522
41721
32384
55273
56985
21255
37910
36983
23202
37879
36774
28353
27819
51026
42868
60281
34726
26320
43945
23510
34091
34380
40788
20657
33002
50414
8762
46062
28820
37328
29285
33649
28023
35413
32430
40984
32666
14142
49812
23970
40923
20411
46435
28728
26255
45155
24765
34488
23412
44442
30170
29621
38891
23668
44564
22755
45705
17238
44451
19120
45233
19043
45571
26090
44229
18810
38686
37197
21486
46759
20449
41794
31827
57989
46214
21386
45810
31552
31650
28490
40842
25311
35608
31231
32576
34682
36322
26654
33482
37378
33941
31723
27597
27317
42456
42819
4563
41290
41291
31828
24288
33844
45894
21414
36259
26041
52689
3435
54510
18871
59076
12219
14395
56154
29114
40952
34648
33974
41748
43563
10980
39022
34096
35048
23752
47227
26069
36120
12780
47410
38787
19805
49036
15477
50196
21188
32644
34432
37930
24724
38735
32617
25250
39478
29469
32119
36267
35427
23049
43962
28776
30570
31614
39719
25967
34078
32876
42682
17243
52795
2920
48031
51477
1812
41567
37939
36217
21854
44634
24256
38427
31364
37117
14611
54554
28945
1675
31668
28189
49470
20060
26922
42415
37991
24953
34026
31390
37615
21202
42530
33792
34950
24640
34999
27171
42526
25335
19293
3458
37151
34107
27736
46228
20137
35107
39587
54788
7038
9015
41203
45238
45128
14038
45942
26995
39345
12413
48441
37097
25218
30412
40986
28585
19789
64155
12517
25567
46051
24953
45028
16408
24214
62181
25496
25349
32272
37198
28356
34941
32652
26500
43244
30552
34075
19493
53022
31738
30801
40273
23607
38534
29043
34655
32932
33210
31821
32978
33350
31896
33773
32594
31842
31725
34097
33521
32213
32759
34030
31352
33392
31124
34250
32087
33599
32636
42604
13486
41153
32723
34160
31731
32795
33561
30418
37839
29315
29677
40083
27650
31725
38397
29059
33117
32635
32652
32993
32754
32634
33365
32192
32052
34033
33114
31359
33608
32611
32093
33547
32743
32586
33170
32724
32491
33386
31805
33267
29496
37586
31320
32254
32840
35003
28970
36648
29575
33668
33110
31460
33699
33043
32538
33599
32042
33206
32418
31512
32858
36234
29966
33073
33854
31737
32704
33131
32771
32312
32824
34855
31971
29444
35389
31415
32738
34047
29949
37645
30797
32502
32656
31730
33963
32503
32980
34891
29580
33760
27486
39374
34391
29808
32908
32899
32679
32264
33852
32763
32331
31816
33967
32349
32100
32807
33388
31963
33716
33000
32204
32173
32988
32910
33171
33008
32287
32746
33510
31705
32990
34762
31926
29116
36452
30499
33472
34305
33934
30116
33426
31699
33492
33059
32792
32763
32986
32717
32544
32724
32766
33168
30857
36314
31254
31425
35451
28450
34650
33456
32930
32862
33313
31335
32991
33170
32711
32932
32252
33312
32369
32936
33213
32102
32612
33864
31267
34968
31017
33782
31430
33509
31064
35454
32056
31875
32734
32058
33241
37530
28468
30398
38352
29449
32965
32486
33182
32875
32809
32680
32936
32852
32737
32299
33077
32788
32970
32414
35066
30840
29801
38491
29210
33012
33460
32451
32354
33179
29737
36099
35080
29970
32838
35867
27901
33715
34146
31591
30197
40293
27937
33665
31819
33275
33449
31464
34026
32162
32750
32898
32961
32410
32777
34616
29959
35983
30710
30640
34966
31584
34524
32261
25509
46103
28283
33040
31330
28478
36378
32896
32616
33518
34644
30384
31643
32118
30818
40254
30203
29446
34634
32604
32896
35571
27138
35420
32821
32163
33674
33314
32425
33282
31385
31123
36068
35807
26293
34699
33140
32306
31627
35651
31581
33654
31188
32511
34040
32020
31315
37176
30532
31760
35115
26186
39131
31319
33050
32411
32497
33011
33055
32637
32522
34342
30676
33360
32688
33010
33223
32935
30606
32455
34950
31917
32736
35788
29983
33312
30111
36840
31098
32745
32643
32936
33778
31381
31285
35186
31476
33542
32540
32970
33221
38823
20603
37553
33556
32264
33288
32640
32940
32797
32970
32323
34910
28884
34582
31931
33704
32850
32836
32538
35195
28020
34993
32864
33493
32013
32839
33283
34305
28757
32092
37049
31045
32801
32972
32606
32966
32491
33047
32331
36545
27237
34525
32910
32632
32634
33169
32764
32735
30748
34102
33043
35989
29905
32913
32617
30754
34598
34998
31025
32146
33237
33002
32844
32357
32801
32687
32898
32704
32800
32747
32743
31459
34602
34045
30280
33651
31721
33850
33290
30235
36003
31031
32477
34426
31303
32244
33797
32879
31194
36255
29867
33726
32285
33357
32588
32649
32813
32690
32847
30293
35157
33862
33850
29743
33943
31489
33775
32701
33245
33895
30502
32850
33399
32688
34140
30143
34223
32420
33015
34878
28492
34950
32532
32231
33475
32869
32929
31761
33944
32511
32784
31938
33758
32714
32418
32989
32600
32867
32584
32835
33033
32515
32787
32731
32920
33517
29212
38627
29437
32379
33392
32319
33342
32948
32474
32643
34096
31030
28994
39477
30527
33211
31353
34017
32875
32139
33046
32919
30928
36370
30317
29764
35661
31485
34288
34481
33831
30613
32781
28768
38828
29674
34395
31637
33886
33144
27072
38240
32000
32208
36904
23974
37904
31899
33169
34968
29004
34028
33515
32418
33773
32099
32674
30190
36846
31051
32805
32779
32791
32706
32747
33130
32756
29094
35792
37560
26091
35824
33526
30066
34011
32614
32492
33127
32498
33109
32889
32474
32561
32314
33742
32963
32405
31237
36438
30761
32922
30958
34116
32393
33257
32877
37103
27021
29787
38219
27612
40017
29309
33437
30615
33404
35304
31117
32617
32855
33530
32164
32685
32753
32773
30322
36828
31783
32568
32215
32725
33045
30505
34454
33291
34869
30223
33316
32346
34425
30123
34849
31553
33467
33329
30485
34239
32818
32807
32556
32836
32743
32726
32891
32713
31480
35234
31262
32561
34394
31481
32975
32382
33413
32198
33633
32116
32691
33325
32260
31919
33577
33831
31917
32655
32226
33115
32336
33372
33082
32764
32571
32750
32403
33734
31631
33480
33384
32081
32471
32840
31964
33732
33370
32313
32279
32035
33499
33228
32651
33289
33063
30644
33929
32487
32990
34666
30679
32627
32400
33640
32640
31234
35219
31957
33035
31582
35464
30673
32626
32865
33195
31776
36916
27775
34107
32777
31874
34308
32439
32653
32934
32175
33605
32618
33720
34106
26170
38131
32353
32234
31413
33514
33014
33765
31903
32705
28706
36952
32178
33490
32860
32831
32997
35231
29796
28724
37615
35354
30243
31711
34010
32571
28219
36461
32699
32970
32664
32405
32091
35544
29160
34533
32931
32732
32484
33147
32325
32643
33169
28734
40926
28441
33015
32806
32572
32066
35544
29627
34131
32087
33151
32843
32747
32769
32779
32769
31931
33704
32483
33532
32079
32299
33929
31920
33621
32075
31396
34399
32784
32094
33400
32822
32567
32740
32672
33187
32466
32473
33001
32633
33455
32211
32810
31815
35855
29020
34437
33641
31001
33739
32385
33693
32306
32787
32203
32191
34370
32223
31848
33013
34406
31804
27807
43545
25333
30128
36877
34298
31910
33098
50242
13995
11787
53613
34027
31546
34831
30074
34799
31723
32231
33791
33778
31296
32904
29495
37358
31860
29617
34735
34926
30902
33028
34059
30954
31924
36338
29310
35197
31271
32151
35498
32246
31694
32774
32654
32323
33407
32526
32361
33570
32705
40329
21451
37281
33266
21292
48438
22060
39092
31224
31478
34791
32338
34257
31247
33221
31721
30101
38596
32107
27167
39315
27441
35259
34841
30528
32929
32696
32680
32253
34109
31969
32657
32976
32539
30870
34417
36005
30431
31846
33647
32388
32109
34728
31218
33098
31979
34469
31523
29305
37989
33251
30275
34414
31297
33611
32251
32272
28389
39770
30933
30454
35141
32087
35319
30596
32608
33060
32578
32778
33147
32272
33680
31948
32935
32425
29272
37740
29906
34425
33052
31995
33588
32635
36099
28282
33348
33556
30818
33934
33327
33257
31873
31521
30791
35839
32863
33093
39517
26567
31637
32049
34513
28295
36172
34562
31453
32916
32695
33651
30422
34438
32707
32475
32547
34022
28524
35917
33186
43378
22550
32247
30451
37223
31574
23323
40857
32854
28931
35027
36818
29985
34109
30086
35380
33376
31180
33255
32717
32012
31516
35814
31218
34337
30711
29925
40111
29475
32503
32069
33109
31194
36552
30649
32945
32677
32708
32836
32703
32770
33042
32322
33140
32214
33620
32132
32652
33151
32986
32373
32498
33238
33344
37192
23754
37735
31205
30769
34944
32966
32663
33524
31959
33264
32505
33152
32400
34061
30586
33864
32585
34410
31318
34937
27729
36057
32670
30920
28454
42570
28928
32299
33132
32476
32589
33683
35952
28187
26614
40149
33633
28726
48728
15096
38852
28144
36937
34222
32169
20033
43919
32668
31033
34895
31590
42675
10567
45973
34881
31641
31116
33218
32776
26927
38427
33490
32180
32866
32931
33247
32973
31755
31410
35325
31595
34236
25994
37324
33459
34404
31298
32589
32024
34186
43944
7056
46586
35278
29544
33466
31491
34179
32905
31872
33961
31845
33038
33467
32070
32490
33506
30336
33958
35085
28804
35920
37323
25818
30635
36311
31886
33987
32435
35922
28872
34352
31697
31662
34658
32696
32023
33006
32668
33553
32117
32881
33616
31999
32764
32387
32659
39245
25891
34333
27697
37107
33850
30423
34941
34788
30562
26583
38882
36705
28340
30620
34798
33148
32478
32530
31472
34769
32506
34323
32093
29913
35763
32418
31245
33057
32978
32710
33480
31688
33221
32702
34136
32281
30456
34215
32794
31912
33867
32766
28777
40894
30467
30329
31590
34429
32682
31455
34028
33328
34293
30626
33326
32065
33159
33068
30939
34577
32438
31338
34742
33210
30071
34134
33544
31614
33702
32260
34893
32198
32056
28074
36838
49350
18083
29890
32861
26154
39618
34326
26104
38629
32697
31939
33982
31527
35048
32078
31653
33176
33406
32472
32146
33330
30144
34876
33696
32879
29287
36034
32234
32160
33752
42270
24114
29643
26667
42147
28786
35372
32762
32527
33531
32249
32760
33425
31872
35450
46306
16784
12159
56699
29077
28768
36786
32806
32608
36332
27447
34413
33025
32762
32363
32668
33127
32781
32917
32110
33258
32284
38696
26448
33366
32092
34552
26931
38195
32328
31545
35048
27193
40018
29925
33085
30253
34377
32600
35664
29971
33404
32782
34114
31590
32399
32873
32689
32273
34911
29322
34626
32730
32847
32758
32690
36786
29023
33546
25139
42665
27649
34925
31042
35341
31442
38293
28007
30292
34768
32653
32653
33305
32528
31299
35128
28180
35476
32060
34121
33331
32249
36345
29315
32860
32701
32823
32683
32712
30698
34582
34119
31681
32624
33085
32176
33346
33099
30922
34159
32636
32844
36494
28618
30087
37068
31330
33553
36930
27669
31729
32602
34446
35334
30270
30636
35169
32263
32767
29927
35986
31998
37178
28520
33235
35218
25046
38607
31965
34983
30871
32589
33131
32458
32826
32774
32719
27883
42397
27386
32923
33493
32471
33029
32578
33708
31643
32647
34514
30569
33060
33218
32892
32416
28889
37628
33997
31035
32310
33999
31812
33727
26899
40149
30244
49011
3655
44632
34180
29476
32523
36229
52641
51065
31299
35097
37345
27479
32287
33654
29149
39137
25852
36583
36595
29093
32744
32292
30253
38882
30440
32068
28615
36738
33391
37277
27284
33846
30993
47433
17376
38049
27405
37816
26520
21765
47448
46863
7077
44922
26380
41645
27690
33959
33329
32657
32386
33525
32431
32716
31276
35092
31865
35767
28239
33240
35131
31296
32647
32969
34099
30012
34552
33352
34689
28311
34345
32140
33589
33932
27647
38599
33050
30819
32295
32644
35324
30303
33436
32981
26260
41677
30086
30855
37768
28026
31645
34978
33053
33179
32431
33970
30857
33664
32662
30531
35629
31756
33720
31887
34130
33246
29637
33831
33229
31783
35139
31101
32733
34289
31167
33423
32283
32732
33022
32719
32772
32091
34501
31645
32846
32792
32778
27781
42112
30200
27358
36168
33746
32060
32892
32615
33802
31772
32803
30459
38246
29746
32271
33042
31333
34185
31148
34297
32807
32737
32917
32751
32685
32682
36034
29933
30519
32895
34720
32432
35025
26327
40915
28901
30194
35912
33575
31444
34645
30542
30360
35394
36085
28756
31470
34921
33087
32380
31948
34354
35188
29290
32582
32959
33266
33916
29255
35056
33228
32366
33361
29157
36276
31083
34043
36326
26097
35382
35081
30982
33275
31759
29263
36446
33228
32739
32257
33296
33537
32481
31867
32799
32909
29149
36171
36486
28133
35366
28800
36501
31624
32767
32546
32584
33359
32516
33483
30582
33926
33037
30419
36280
31064
32991
34358
30938
47955
2864
48964
32714
29959
34823
37398
24158
36364
32806
32990
32610
34259
29291
36765
29685
33739
33031
33063
31965
33484
31922
37117
23625
37802
33660
36444
24114
37284
33695
30777
33485
33390
32852
32572
32401
32188
34010
32124
33207
32654
32047
33303
32876
32619
32799
32874
32430
32926
33325
32104
33272
30650
36542
29022
37088
32065
30178
31453
34865
32573
30456
35413
32533
32944
32757
32315
33401
32458
33303
31598
35329
31085
32717
32277
31261
34601
32673
33297
32310
30859
39041
29328
27201
37232
33751
29488
35524
36311
24819
39317
30391
31891
33136
33396
32360
34353
35001
28426
28461
38063
32716
32832
32354
33434
32484
32376
32922
32865
34238
31186
32736
31370
36028
30723
33330
32123
34458
45799
16328
20381
47167
32912
32641
33314
32005
32151
34467
32218
32500
32748
34725
29670
33757
33178
32400
30900
36834
30952
32266
32397
33958
32281
32738
29756
36953
31689
31905
33407
33618
31542
32197
36407
29106
35992
30701
32509
33022
32458
31670
33577
32506
32279
37584
29255
32657
31010
31203
37995
32174
30682
35834
30511
32708
32918
31039
33803
34057
32367
30602
34954
32220
35218
30296
37071
28168
29141
36117
35133
30190
34275
32147
32949
32969
33035
36254
28273
29608
36865
34501
29839
33489
32920
32409
33166
38334
22987
37388
30752
31342
36651
31567
33974
29286
32490
37227
35288
30449
25758
36440
34055
32644
32979
34440
30964
31664
33725
33099
33050
32636
35070
38442
10614
46687
35403
30237
32315
32646
33958
31275
34022
32439
32185
32292
33886
31522
34778
31424
33252
34399
29073
35415
31785
32946
33935
31765
32382
33117
36745
31344
21123
43536
31068
29540
35261
37760
27832
31577
33126
37475
29691
32503
32932
32657
33031
32128
33166
32818
34950
28603
34695
43127
22964
29608
25116
45238
30423
32988
29838
39289
30722
31636
31976
31767
32264
36306
31746
31793
33032
34165
30635
33258
31475
34031
32912
42640
12810
43748
32092
33886
28052
36082
33475
32633
32621
32942
32441
32035
34663
31562
31800
35142
30807
31622
34071
33992
34214
30296
33670
33574
31416
27225
41709
29436
31627
33806
32562
33845
31857
32620
32299
33858
32221
31192
33368
33915
32756
32103
35723
30585
30888
36036
31050
32798
31672
35280
31006
33146
32942
31835
33652
32734
34806
30707
25109
41632
38856
26751
30359
28640
39240
31442
31092
31182
39500
31602
30554
34889
25304
38079
33297
33438
32456
27454
39900
33867
27673
30113
38053
35246
28918
33149
29301
37073
31660
32818
32459
31700
33928
32892
30675
34243
35226
30950
32589
33361
31975
33080
32672
34586
30754
31870
33056
35626
29840
33745
32824
29547
40124
29033
32156
32442
32098
34406
32254
32803
32736
32760
29239
38468
33706
29738
32815
32822
28689
36760
34617
30504
33879
32184
32720
32446
30538
35312
32550
33524
35493
27974
37229
29608
33499
28625
37901
30279
35678
27310
40070
28614
29969
35289
35211
31915
31766
32689
32872
32776
27734
37688
33215
31679
37655
28530
32735
33072
32607
32706
29088
39848
29227
33412
32230
35645
27438
35222
32916
31494
35744
31021
32588
32822
33036
32447
33053
32787
32548
30998
33838
34626
33649
31531
32196
29867
33160
35055
35936
27786
36090
34774
25655
36110
33240
33704
31510
37973
18203
43101
34550
29207
35626
30267
33435
32311
35334
28944
34312
32896
32251
33237
32877
32681
32518
33044
32567
33694
32010
32850
38304
27764
25965
36924
37118
27013
39523
26472
57822
13455
5756
58013
36665
23427
37348
32863
32298
31327
35916
31328
32758
34502
31878
30040
39162
28034
32437
28813
38197
31317
33088
33064
32964
32232
35917
30135
33093
27949
36890
33894
32308
31772
33205
33060
31490
33544
33903
31902
31466
34066
31200
34379
32937
32575
32350
33227
32546
32941
32638
32502
33568
34652
32098
29801
33778
29417
36769
34536
28701
38104
31942
27185
34818
32964
34007
31908
36087
29681
30984
36285
30656
33067
29360
40306
29011
32493
32891
31943
37722
27213
33850
33527
29660
36084
29854
34739
35470
25113
42777
27289
34439
28519
39126
35111
25142
32628
35054
32879
32091
34093
33369
30985
30146
36967
34079
29857
32962
33300
32369
28452
44477
25527
30164
35390
32776
37534
25941
31966
35740
32610
32556
33387
32178
42308
15411
39288
34084
33867
31832
33619
30720
34367
29840
40146
27879
31752
33182
35489
31838
24887
42373
29911
32664
34183
31191
32626
33574
31201
33790
32663
33298
32104
33991
31694
30591
37380
26811
38546
30871
32323
32789
30402
36768
34356
29667
30254
36087
30702
33643
34764
31188
32592
32136
34167
32133
31020
34672
32326
35148
30458
32987
33042
33592
31581
30485
39848
32955
24032
49486
3368
50456
30400
37770
29190
31850
33607
31815
31533
35643
30876
34170
32355
34439
30729
33306
32656
29736
36190
32246
32883
34872
30504
32955
39938
19822
36988
34187
34248
29122
36127
34874
24532
38379
32138
34044
32246
33762
31149
32759
27509
41689
29287
32632
32652
30528
35461
32191
35828
29010
33534
33806
31064
33841
32557
32194
33079
32314
35234
33941
29329
32977
32783
32239
33144
33215
34174
56774
7991
34723
29507
30606
38724
26530
44298
17352
40088
30997
36761
30560
28656
40508
27589
33258
33595
34860
28745
34784
31658
33629
32650
32979
32302
34801
31435
31403
34984
42842
9018
36766
24971
33381
35279
33055
32834
36637
28293
33315
33490
38302
19656
44438
23228
34768
37640
29290
34878
31473
33892
30410
34074
34089
28930
42485
26549
31779
33007
33580
33626
31165
32866
32631
33029
30181
34659
29590
37973
36339
26147
34161
35070
29387
38646
27629
31322
34702
36669
29421
32912
32330
33296
32660
29358
37445
31632
32519
32869
32766
31748
34298
32848
31967
32619
32811
33090
31726
34060
32798
32898
31607
33559
32373
33961
30853
35296
31294
32686
31923
33951
30731
35471
31140
34020
32158
37811
26342
32494
34196
36735
29576
32155
27268
38327
32020
33577
32767
31955
34884
31735
35908
25237
36533
37366
28602
29983
37300
26135
38397
36427
27746
33685
27379
36295
32364
29799
34940
35103
36960
11281
50256
27853
42929
26961
31008
33606
33213
32593
32962
32738
34382
31461
32274
33658
29249
35636
32893
33570
29680
35345
29040
33317
33012
42042
27553
30654
33328
33035
31959
33335
33160
32253
32360
30723
35811
32242
32020
36818
28736
33744
37345
26885
34439
32980
32894
32294
32931
32783
32805
33100
32564
32573
32733
32972
32588
32922
32872
32670
32652
32780
33125
32427
32805
32747
32773
32742
32895
32596
32986
33170
31939
33430
31920
33294
33270
29120
35377
33505
35775
29404
32923
32694
32995
32498
32813
32796
31875
33773
32775
29357
36452
32375
36257
26519
37310
31018
33733
31668
40103
26497
30702
36563
28783
33239
25090
42638
37871
26363
24910
42497
33896
30475
30504
34294
32834
32518
32781
33094
33023
32100
33211
29141
35955
33264
32892
32410
33050
32296
32487
56454
8713
33287
11887
52160
34898
31429
36946
30135
30874
32736
33284
31790
28095
45888
26510
32918
32402
30531
33749
41282
23538
34082
29203
34756
36001
30547
33884
33632
30134
34415
32990
29815
35594
32766
50059
12012
36029
32778
34084
28387
25994
42142
32834
33632
32297
32286
33640
34173
29112
36388
33483
30859
31988
33094
32185
33457
32532
32632
32693
33168
27170
39668
26751
46294
19258
41091
25974
35378
33018
29927
39477
28412
34216
31833
31389
34838
31817
33626
33181
32061
32547
32809
32421
33254
32719
32931
32462
32553
33235
30659
35246
31781
33017
32896
33117
32336
32514
36200
42194
18059
33595
18594
49482
34505
29932
32747
32820
32894
32660
32488
33121
32806
32607
32751
31236
35012
32132
32959
43232
22138
30890
25496
41824
30851
35182
33697
28719
37281
31869
31992
32074
32715
33312
32796
31913
35059
30563
33979
32235
32905
32746
32587
35030
27362
37426
30974
32560
33556
32701
33045
31997
34237
31475
33304
32276
32320
33468
33127
32528
32537
37832
28244
25023
46186
24996
34008
32779
33678
33655
26662
37577
32848
32446
32563
32970
33031
32421
31204
34242
32862
33496
33597
31550
32351
32803
33160
32528
32587
33642
32157
34566
26025
39831
30072
33347
31091
34538
30968
34227
36950
28646
32954
30480
35527
30049
35635
30487
34641
37853
26921
33705
32694
32490
32491
33101
33103
32006
32727
32926
33234
32142
33364
29621
35640
32720
32726
32595
33224
32595
32154
33687
31551
35546
31143
32369
32843
32703
30786
34940
33891
31713
32636
32825
32858
32745
32745
32145
33486
32753
32662
32809
32750
32542
33175
32441
32433
33265
32597
33013
32522
32917
32855
32640
32626
32737
33209
32454
32875
33667
31618
31678
35224
30231
33773
31052
34544
40459
19969
38140
32914
32391
35072
30702
32678
32882
32642
32865
34060
31304
54526
51644
39823
23924
38445
30925
34772
30779
32857
36262
30118
29435
38538
27218
35423
34003
31626
32777
32763
31944
35960
31864
31644
32730
32812
32502
32657
33575
31933
32829
33098
32465
32689
33093
32269
32987
33426
32418
32541
32889
31761
33923
32602
36480
27745
34214
31682
33732
32897
32782
30807
36210
31383
32726
32065
33511
32679
32684
32711
32590
33028
34011
31099
33330
32209
32743
33065
31146
35051
32227
32527
31291
37484
29929
32735
33735
27245
33622
36283
32534
33104
36488
28690
29449
36170
35695
30780
30944
35533
31077
32935
32217
33298
32034
33463
32738
32552
32665
32988
32869
33268
29136
36208
32694
37315
25131
34495
34242
34283
30929
32086
33445
32423
33128
32428
33025
32569
32887
32829
29997
37394
29969
33592
33575
32054
32823
32667
32850
32694
32738
35177
46526
53655
32186
36533
27438
34844
32994
32375
32548
34078
31169
34045
30937
33939
34233
30612
32771
35462
30622
32548
33312
26928
38395
32249
33598
32783
32061
32641
33220
33143
31602
33745
32599
35879
29665
32703
32740
32853
32677
32828
32744
32716
32855
32706
32767
32893
32702
32760
32721
36136
29131
29620
38241
58453
60524
32854
31339
31245
37899
30107
33375
33540
32376
32176
33550
32924
30489
34040
32902
32554
32920
32851
31498
34692
31897
31855
33226
33634
33100
32183
32078
33971
37510
22106
38627
32541
33853
29762
37655
22474
43057
29635
33805
31246
33340
32016
30779
37686
30848
32566
32636
32712
27306
38195
32930
35847
29726
32549
32825
32918
29370
38527
32678
28798
33596
31524
38032
29986
32719
32078
32910
32863
32669
33082
32579
32293
33412
32170
33359
32844
30455
32588
35128
32857
32510
36305
29536
32517
32547
33097
32722
32360
33096
32786
32911
32684
32317
33299
32712
32484
32832
31700
32842
33718
33171
32148
33446
32326
34755
26036
37540
39950
26216
29739
36379
31494
33487
34709
28196
36248
23700
49227
24600
32697
33013
32578
25932
39034
34390
32130
33894
32628
30503
32062
32770
33835
34392
32306
31365
39879
22771
36405
32561
33153
36486
28739
32880
31644
30952
35616
32442
33409
32737
32573
32762
34103
24961
48363
27726
10510
61917
24543
31714
31051
32683
32074
34822
28867
34204
35362
32549
31473
31464
32605
36302
30593
32668
32843
32677
32793
32378
33746
28898
38224
30721
33396
31637
33089
32697
34401
28143
36764
36408
23825
37007
34693
31293
32813
34101
31178
28225
37355
32889
32192
33412
32045
37763
28049
28712
36801
33203
32670
37128
24169
37099
35196
30146
31109
36207
30949
32698
32897
32753
32811
32564
32867
32754
32869
32854
30528
34698
33151
32572
32794
31695
33346
35045
30967
33382
32186
32594
32879
32336
34740
29091
37231
30614
32552
32916
32310
33125
32811
32643
32302
32275
34640
35298
25967
32943
41851
26836
19494
48443
30938
34568
34158
33874
26597
34164
32836
30415
35567
32230
32927
32591
32737
33112
32622
36042
25762
36732
32320
32718
33094
32054
35796
28347
34706
33047
32541
32950
32421
21687
56635
20048
32691
32930
31237
34368
27444
37883
32389
37763
28654
35087
29736
32857
33295
30743
35892
31547
29811
36073
31590
33858
32579
32657
32284
29883
36129
32263
33035
32500
33520
32429
32640
32545
33185
32526
32660
33471
33994
31264
32327
32556
32675
35346
29016
34219
33022
36964
28273
33300
32318
32854
32739
33368
28742
38548
30173
33038
32284
33618
33355
29618
40295
24218
38065
28913
34620
26587
47655
24634
30321
35017
33723
30541
32587
36915
30589
31224
34289
27854
37185
32578
32797
32586
33154
31949
33763
31982
33140
32691
30410
39083
28818
32530
33132
32567
32617
32998
32794
32655
32757
32917
32801
32634
32723
32353
33220
32834
32986
32435
32956
32611
32900
32643
32940
32715
32658
32787
32983
32347
31189
34766
33007
32815
30221
35814
31330
33807
32137
33449
34232
30718
30388
36278
31653
32818
32738
33873
31667
32663
32775
32770
32970
32381
33064
38819
26012
25880
40104
32777
33137
32771
32132
33405
33874
35886
24590
30958
38622
37543
26447
37108
26777
35786
31970
30057
41864
26788
31320
37062
29163
33684
33022
30766
34495
32863
32725
33928
31628
32248
33320
32520
37022
23930
38118
31829
32450
33476
32439
32883
32428
34410
31663
33187
33141
32211
32521
31921
33277
33230
32728
32770
32604
32812
32116
33569
32677
32669
32729
32924
32846
35892
29219
32957
32868
32650
33071
32535
31585
33982
31784
33605
32077
33834
31742
36973
29382
32707
32762
32848
32749
32805
32672
32843
33041
32151
33156
32630
32983
33372
31892
32886
32713
32860
32948
31927
33441
32681
32843
32787
32689
32793
31284
34374
32258
33540
32569
32517
36817
26065
35465
32944
32580
32830
32855
31717
33704
32835
32765
34368
30924
33271
32333
32886
32917
32489
32813
32848
32755
32755
33048
32454
32822
32658
32956
29702
36080
32621
32175
33819
32283
33097
33490
31121
33211
32748
26560
43210
28450
32521
31413
38982
27949
32920
32646
32679
32777
32915
32936
30744
34812
34433
30936
32701
32826
31241
33146
33707
34041
28186
36251
33051
32772
32843
32275
33247
32394
32499
33510
32710
31923
38478
25908
34987
33653
30323
33869
32720
32811
32620
32936
32719
28714
36831
32766
32440
33294
34765
30564
36163
28952
30343
37644
29548
32493
33993
35062
30578
29674
36292
32730
32468
33066
32422
34753
30768
32812
32817
33013
32536
30090
35645
34079
30579
33444
32802
32496
32224
33571
33302
28949
41079
27764
30207
34274
36562
28660
33618
33190
32793
32575
33067
32793
32907
32535
32529
33102
32737
27464
39287
31477
37949
24649
35436
33306
32567
32351
35184
31292
32184
32627
32828
31101
34913
33770
29797
33341
36301
28893
33943
33417
32262
32730
32817
32698
29275
36596
32906
32351
32510
33385
31948
34988
31018
32902
33884
30204
34871
32316
26840
37785
33824
32711
32339
32613
33005
36053
27945
37920
28946
32797
32829
32668
32931
31084
34064
33273
32421
33075
32589
34343
30053
35238
31459
32811
32657
33574
31290
33539
31616
34361
32403
34878
29215
34078
31124
34622
32580
38138
26127
33497
34032
28076
36740
32926
32672
32741
32835
32567
32988
31162
34217
33069
32428
32857
32878
32425
32957
33775
33925
29293
34815
32117
31829
34279
33136
31856
32569
32857
32773
33262
30703
35854
31219
32940
32667
32720
32919
32630
32835
32700
32695
32687
33037
32642
32818
32777
29635
36411
32235
32871
32541
33353
33869
31166
32805
31801
35744
29051
34245
33240
33076
33658
31379
35248
27461
34897
30254
36192
32472
32740
33232
32407
32850
36549
28910
32669
32861
32685
32922
32667
31721
35351
30814
31858
34429
32094
33109
32752
33880
26938
37053
33560
32674
31884
38170
27739
33029
34631
28059
36094
34344
30726
32723
32823
33303
32542
32369
32860
32872
32512
30959
35865
29544
37657
29864
32800
33168
32294
33040
31424
34017
32675
32803
32867
32675
32734
32215
33394
32686
32760
32762
32916
32832
32683
32726
32583
33146
32499
32776
32734
30111
35881
32695
32563
34845
30755
33697
29158
37320
30168
27233
39861
32529
32230
38729
24621
34153
34127
31969
35304
30300
32566
33026
32635
32695
31555
34040
32781
32856
32826
30964
37752
29122
33162
33388
26295
39130
32186
33078
31925
38149
28003
32645
33828
30621
34616
32538
25904
44279
28682
31671
34189
29470
33638
33834
32889
34008
30694
34668
25211
43253
28562
32743
33886
31650
29246
39804
29212
32676
32910
29722
40496
27510
33023
30843
35467
32213
33152
32285
33228
31729
33917
32367
32986
33105
31489
33465
32699
30656
34725
32701
33089
37630
25390
35394
30969
37418
32442
26154
36767
32740
32578
33713
32088
32666
32771
32777
32841
32548
33001
25905
40191
32680
38147
26755
32856
32704
32760
32790
32751
32893
32719
34592
28177
35836
32121
32839
31405
33978
32996
34082
31319
32839
32706
32805
30395
38120
29673
32861
32732
30892
36215
31235
32748
33369
32084
31708
33936
32740
32849
32643
32957
33689
30714
33801
32774
32689
32947
33140
32285
32718
33081
32685
32645
34843
30907
31955
33353
32484
33143
30802
34578
32659
32941
31847
33749
32261
33339
32549
32658
33038
32602
32716
34626
30928
32781
32847
32747
32858
32544
32887
32795
32868
32178
33199
33435
32201
32491
33049
32757
32682
32632
32644
31291
36776
30553
32831
32687
32740
32834
32821
32673
32764
32856
32866
34653
30280
29802
37894
31006
32970
32781
32322
32994
32559
33305
32468
33035
32289
32992
31894
33434
33244
34018
31171
32858
32149
33370
32587
33013
33010
31188
34231
32442
33486
32159
33807
31765
32753
32061
33531
32684
33603
31929
31697
35069
29659
35501
32074
34158
30716
33322
33554
31986
32029
33567
30585
35040
32462
33095
32133
33433
32568
32922
33004
32240
33395
32300
33274
33288
31820
30944
33980
33367
34359
31087
33314
31870
33313
32760
32681
32601
32517
33429
32191
32804
33213
31350
35034
32187
32311
32615
32759
32564
33122
32442
32752
33265
32810
30214
35193
35111
30346
30253
37449
29978
31942
34410
32421
32961
32793
32853
31897
36584
29461
33034
32844
32612
33256
31186
33597
32773
34315
30266
35775
26338
37973
31975
33422
32252
33200
32697
32129
32728
33633
32774
32579
34088
32282
31843
32479
33037
32206
33441
28941
38935
29577
34899
31187
32898
31464
34024
32717
30476
39220
27959
33214
32170
33498
33969
31075
33363
33116
31544
33590
32696
34275
31402
30776
34915
33218
32197
32708
32724
32797
32870
31544
35525
31121
32758
32790
32752
32859
32698
32734
32781
33186
32395
32757
32730
32809
30938
34914
32839
33840
31293
32714
34064
31296
32947
30494
37445
30214
33022
30480
35085
32789
34023
31483
31235
34667
34044
30852
32992
32852
32710
32490
32948
32641
32920
32778
32829
32704
32769
33158
31454
34740
30189
35221
31897
32705
32812
32799
32737
29619
35707
33324
32491
32972
32609
32308
37599
25344
37426
29803
36159
28030
36921
31200
33136
31195
33421
33354
31554
34069
32832
32292
33068
35084
30461
32741
32763
32283
33269
33444
32090
32731
32841
32783
32660
30718
37107
30567
31682
34177
31861
32632
34126
31961
33642
31013
35061
31443
32889
32570
32986
32099
34637
31312
32953
32752
32781
32767
32753
32960
32618
32897
32507
32897
33359
31274
33625
31425
34041
34131
32725
29568
35624
31866
29751
36170
33940
29677
34704
34667
29975
33271
31027
34845
32348
34672
31086
32800
32474
32775
32859
32786
32848
32650
32806
32742
33531
31855
32945
31991
34568
31694
32808
31833
33719
32730
32789
32847
32383
33087
32958
32458
33035
32882
32428
32823
32812
32765
33113
32761
32339
32149
33585
32621
32804
33095
32092
33607
32361
32650
32625
31230
34693
32618
32875
32754
32464
34435
31221
32956
32006
33364
32795
32747
32786
33279
32249
32243
33294
32845
33204
32217
32800
32226
33328
32743
32540
33047
32653
33125
32979
32195
32005
33695
31178
36154
30871
32787
32776
32751
32785
32776
32798
32635
32814
33144
32169
33015
32349
33650
32312
32711
33492
31919
32952
32771
32733
32853
32345
33131
32785
32763
32771
32783
32770
32749
32739
32807
32752
32776
32806
32699
32811
32744
32843
32634
32846
32753
33281
32264
32707
32405
33165
32795
32795
32712
32803
32771
32748
32775
32776
32111
34677
31543
32632
33010
32705
32616
32578
33087
32682
32955
32517
31774
34475
32141
32779
32784
32743
32793
32842
32568
32735
33068
32635
32742
32751
32808
32732
32797
32725
32797
32771
32766
32765
32771
32800
32675
32867
32746
32750
32762
32770
32780
32775
32758
32734
33497
31965
32879
32879
32558
32792
32824
31829
33749
32755
32735
32818
33105
32408
32741
32764
32798
32751
32796
32758
32761
32736
32795
32767
32787
32766
32732
32781
32803
32722
32782
32804
32714
32791
32790
32730
32804
32725
32819
32740
32752
32772
32788
32755
32801
32710
32812
32753
32756
32783
32769
32791
32735
32787
32724
32826
32752
32726
32825
32719
32827
32704
32800
32778
32767
32753
32771
32749
32780
32784
32785
32745
32738
32807
32753
32787
32979
33098
32259
32950
32689
32360
32831
32988
32940
32359
32895
32171
33419
32798
32803
32735
32764
32764
32780
32755
32751
32827
32735
32767
32758
32784
32729
32835
32726
32771
32753
32823
32719
32767
32775
32802
32715
32824
32710
32800
32762
32806
32697
32833
32704
32808
32794
32724
32762
32796
32760
32785
32758
32731
32797
32784
32733
32810
32719
32793
32796
32737
32766
32783
32748
32790
32726
33158
32563
32499
32920
32303
33358
32471
32892
32762
32785
32804
32687
32845
33632
31394
32795
33250
32692
32855
32697
32805
32771
32752
32784
32763
32748
32787
32753
32795
32738
32788
32758
32780
32743
32773
32803
32740
32778
32760
33329
32177
32836
32701
32266
33303
32766
32765
32748
32794
32756
32804
32726
32765
32668
33039
32777
32414
32961
32792
32713
32820
32738
32777
32758
32759
32820
32741
32729
32832
32732
32757
32768
32795
32760
32775
32319
33641
32309
32795
32779
32786
32685
32819
32767
32782
32743
32779
32807
32697
32810
32752
32792
32751
32774
32732
32796
32768
32796
32719
32824
33193
32322
32257
33273
32748
32790
32786
32797
32656
32792
32744
32477
33485
31988
33692
32196
32823
32774
32776
32749
32627
33060
32624
32528
33961
30582
33990
32906
32557
32849
32700
32940
32586
33479
32041
33753
31304
33097
33909
31019
34217
32158
32204
32981
33805
32071
32524
34035
31656
32040
33571
32836
32643
32833
32799
32142
34202
32390
31920
33169
32842
32648
33358
32222
32776
32815
32736
32301
33221
32793
33284
32231
32806
32721
32828
32665
32939
32090
34172
31069
33660
32661
31197
34460
33106
34354
29735
33977
32257
34619
31176
32855
32681
32948
31053
34714
32659
32591
32565
33800
31878
32686
33289
31674
33504
32728
32467
33980
31842
32781
32843
30748
35113
32197
34878
30860
31770
33948
33842
30318
33542
31663
34407
33058
32180
33360
33254
31788
32857
31876
33641
33874
31507
32996
33466
31947
31797
34728
31818
32470
32381
34484
31738
32763
32744
32784
32776
32813
32002
33500
33338
32203
32022
33555
32718
32794
32770
32584
33833
31881
32644
33067
32537
32764
32819
32147
33370
32432
34026
31419
33201
32768
32767
32738
32797
32767
32773
32763
32772
32792
32741
32774
32762
32769
32770
32751
32785
32766
32767
32767
32770
32769
32765
32752
32786
32768
32768
32769
32766
32770
32767
32768
32768
32769
32767
32786
32743
32775
32770
32845
32598
32886
32721
32811
32753
32642
32974
32693
32739
32783
32769
32768
32796
32740
32770
32767
32768
32764
32761
32781
32754
32771
32775
32769
32773
32766
32780
32745
32762
32812
32737
32770
32743
32796
32766
32780
32726
32808
32754
32763
32775
32766
32770
32768
32768
32770
32766
32770
32764
32769
32780
32760
32767
32751
32783
32769
32767
32768
32768
32768
32768
32768
32768
32768
32796
32738
32772
32766
32741
32812
32751
32751
32785
32768
32768
32769
32767
32768
32768
32784
32750
32772
32764
32768
32758
32781
32794
32725
32786
32723
32797
32798
32755
32777
32783
32744
32764
32770
32765
32756
32812
32738
32767
32772
32793
32694
32814
32757
32778
32769
32769
32767
32768
32781
32742
32782
32767
32768
32768
32767
32770
32767
32768
32768
32768
32769
32767
32767
32769
32769
32767
32768
32768
32768
32769
32767
32768
32768
32768
32768
32768
32768
32769
32766
32770
32767
32768
32768
32768
32768
32768
32769
32767
32768
32768
32769
32766
32770
32767
32772
32763
32770
32768
32766
32769
32769
32767
32767
32769
32770
32766
32767
32768
32769
32770
32766
32780
32744
32780
32768
32792
32738
32772
32753
32811
32742
32766
32774
32762
32767
32768
32774
32768
32766
32766
32767
32764
32773
32773
32773
32761
32768
32764
32767
32774
32765
32767
32772
32766
32765
32793
32747
32739
32794
32770
32766
32768
32770
32768
32767
32766
32770
32768
32773
32762
32769
32768
32767
32771
32767
32767
32758
32792
32754
32747
32789
32767
32771
32766
32756
32780
32778
32770
32758
32761
32772
32767
32776
32762
32774
32761
32770
32768
32769
32765
32767
32770
32767
32769
32773
32734
32820
32746
32769
32765
32770
32767
32766
32771
32768
32766
32768
32769
32772
32764
32770
32766
32767
32764
32763
32779
32765
32768
32776
32761
32766
32776
32762
32769
32766
32771
32767
32771
32765
32769
32768
32766
32769
32768
32763
32775
32783
32748
32772
32766
32771
32769
32763
32771
32749
32788
32714
32860
32728
32768
32768
32768
32768
32768
32756
32798
32761
32755
32769
32771
32768
32763
32769
32774
32763
32768
32773
32759
32774
32765
32773
32768
32764
32767
32769
32772
32767
32763
32775
32757
32772
32774
32772
32753
32775
32769
32770
32767
32767
32769
32769
32763
32769
32774
32776
32758
32756
32768
32775
32793
32746
32767
32768
32769
32770
32746
32787
32780
32759
32762
32772
32770
32762
32777
32760
32774
32764
32768
32783
32732
32790
32768
32768
32768
32768
32775
32762
32759
32783
32766
32762
32768
32772
32767
32757
32784
32763
32767
32771
32764
32764
32771
32773
32761
32773
32761
32775
32770
32753
32775
32772
32769
32766
32770
32767
32768
32768
32769
32767
32768
32768
32768
32769
32766
32769
32775
32763
32767
32765
32769
32771
32764
32769
32768
32776
32762
32768
32766
32759
32780
32772
32765
32769
32756
32777
32766
32767
32770
32771
32763
32767
32779
32758
32772
32770
32756
32779
32767
32764
32770
32766
32770
32770
32767
32764
32770
32768
32770
32766
32770
32766
32768
32769
32768
32789
32745
32768
32773
32768
32751
32789
32753
32779
32764
32768
32774
32757
32778
32765
32763
32773
32769
32761
32773
32768
32772
32761
32775
32767
32763
32759
32786
32763
32769
32761
32771
32767
32776
32759
32769
32768
32771
32768
32765
32780
32756
32774
32764
32765
32775
32763
32767
32762
32775
32776
32763
32769
32765
32770
32767
32770
32764
32763
32779
32763
32769
32769
32756
32783
32760
32770
32773
32767
32766
32769
32767
32766
32768
32772
32764
32765
32774
32770
32761
32762
32774
32771
32773
32759
32778
32757
32771
32811
32731
32740
32793
32768
32769
32764
32772
32768
32767
32766
32767
32773
32764
32767
32774
32758
32774
32765
32775
32762
32769
32773
32762
32772
32768
32768
32766
32768
32771
32764
32768
32741
32795
32770
32767
32768
32768
32769
32766
32769
32769
32767
32768
32767
32770
32767
32768
32769
32766
32769
32768
32768
32769
32767
32768
32768
32768
32768
32768
32770
32766
32768
32768
32768
32768
32768
32769
32766
32769
32768
32769
32796
32737
32768
32769
32771
32762
32772
32769
32757
32775
32772
32768
32767
32770
32766
32763
32774
32768
32768
32767
32771
32764
32768
32771
32767
32768
32709
32869
32725
32768
32768
32768
32769
32767
32768
32768
32769
32767
32768
32768
32768
32768
32769
32766
32770
32767
32768
32768
32768
32769
32767
32768
32769
32767
32769
32766
32770
32768
32766
32769
32756
32811
32718
32787
32769
32766
32770
32767
32768
32768
32769
32767
32767
32770
32767
32768
32768
32768
32768
32768
32812
32681
32811
32767
32769
32768
32768
32768
32769
32767
32768
32826
32715
32769
32767
32689
32843
32767
32772
32764
32769
32762
32794
32750
32764
32771
32767
32766
32768
32770
32768
32765
32770
32767
32769
32767
32768
32752
32817
32729
32749
32796
32766
32768
32768
32769
32767
32768
32768
32768
32768
32769
32767
32768
32768
32768
32768
32768
32768
32768
32808
32731
32765
32764
32771
32777
32755
32775
32758
32774
32772
32770
32754
32779
32770
32765
32766
32769
32772
32768
32737
32799
32765
32764
32767
32774
32767
32768
32769
32767
32767
32770
32767
32768
32768
32768
32769
32766
32770
32768
32771
32764
32770
32764
32775
32759
32770
32771
32769
32766
32770
32762
32774
32768
32769
32764
32768
32773
32761
32769
32801
32735
32771
32769
32768
32767
32768
32767
32767
32768
32770
32767
32767
32771
32767
32765
32771
32764
32770
32776
32757
32772
32767
32772
32764
32763
32774
32771
32763
32767
32772
32764
32773
32763
32770
32771
32766
32768
32770
32771
32739
32793
32767
32773
32755
32782
32759
32775
32765
32769
32768
32764
32774
32760
32770
32767
32780
32759
32765
32775
32767
32764
32765
32774
32768
32762
32775
32767
32769
32765
32766
32772
32757
32780
32767
32767
32769
32768
32767
32763
32764
32776
32767
32778
32753
32770
32769
32783
32757
32770
32764
32767
32776
32758
32767
32780
32752
32789
32754
32766
32771
32772
32765
32767
32767
32776
32762
32771
32765
32765
32772
32765
32776
32763
32767
32766
32768
32772
32765
32772
32790
32741
32772
32759
32776
32771
32761
32769
32769
32769
32767
32767
32772
32769
32762
32773
32768
32763
32776
32753
32777
32772
32766
32766
32768
32769
32772
32768
32762
32774
32762
32765
32778
32761
32768
32771
32767
32769
32765
32770
32764
32771
32771
32772
32761
32771
32764
32757
32780
32773
32762
32774
32762
32767
32772
32764
32771
32772
32762
32770
32766
32768
32770
32766
32768
32776
32761
32772
32764
32765
32772
32767
32774
32762
32765
32772
32765
32773
32765
32766
32794
32746
32766
32769
32773
32725
32807
32767
32768
32768
32768
32768
32768
32768
32769
32767
32768
32768
32768
32768
32768
32769
32767
32768
32768
32769
32766
32770
32767
32768
32768
32768
32768
32769
32767
32768
32821
32712
32773
32764
32721
32818
32767
32768
32768
32769
32767
32768
32769
32766
32769
32770
32766
32768
32768
32768
32768
32768
32768
32769
32765
32771
32767
32769
32767
32768
32768
32768
32768
32768
32768
32771
32765
32768
32767
32768
32768
32769
32768
32769
32780
32756
32765
32770
32767
32773
32764
32768
32767
32782
32753
32772
32765
32768
32774
32763
32770
32765
32770
32768
32766
32762
32775
32767
32770
32768
32768
32768
32767
32764
32773
32767
32769
32767
32767
32767
32772
32766
32767
32768
32788
32736
32784
32767
32768
32767
32765
32770
32764
32770
32770
32767
32767
32771
32766
32768
32771
32778
32760
32763
32768
32772
32764
32767
32768
32758
32781
32765
32772
32767
32765
32769
32786
32755
32763
32769
32766
32773
32767
32765
32761
32779
32764
32783
32752
32767
32770
32771
32764
32768
32771
32766
32767
32772
32771
32763
32769
32746
32769
32790
32766
32767
32771
32801
32697
32844
32728
32770
32771
32761
32776
32766
32754
32771
32776
32765
32771
32769
32766
32764
32769
32769
32772
32764
32771
32765
32769
32771
32767
32766
32770
32765
32770
32770
32768
32766
32767
32771
32765
32771
32766
32767
32772
32765
32769
32768
32765
32770
32771
32765
32769
32768
32764
32773
32766
32766
32773
32759
32774
32768
32775
32761
32766
32770
32768
32768
32768
32768
32768
32768
32768
32768
32768
32769
32767
32768
32768
32767
32770
32766
32770
32767
32768
32769
32767
32768
32768
32768
32768
32769
32768
32766
32769
32770
32766
32768
32766
32771
32766
32769
32745
32782
32799
32754
32763
32731
32838
32732
32768
32769
32767
32763
32771
32770
32777
32750
32779
32763
32777
32765
32760
32743
32834
32714
32800
32754
32769
32768
32764
32772
32761
32793
32730
32764
32801
32758
32768
32768
32771
32762
32769
32778
32760
32768
32767
32771
32764
32771
32764
32776
32764
32767
32768
32770
32763
32768
32771
32773
32763
32768
32765
32768
32774
32764
32770
32765
32775
32763
32767
32770
32769
32766
32769
32762
32776
32764
32765
32773
32768
32768
32772
32760
32772
32771
32764
32765
32771
32766
32771
32768
32768
32765
32769
32773
32764
32768
32767
32769
32766
32773
32758
32776
32769
32765
32770
32774
32763
32764
32771
32769
32764
32770
32766
32772
32766
32767
32772
32763
32772
32766
32764
32771
32770
32766
32771
32766
32769
32767
32773
32765
32766
32771
32765
32767
32773
32763
32766
32771
32771
32763
32768
32773
32762
32777
32755
32778
32768
32764
32771
32761
32771
32771
32763
32773
32770
32763
32770
32766
32771
32773
32751
32780
32763
32775
32765
32768
32766
32772
32766
32769
32769
32766
32770
32766
32767
32772
32764
32770
32764
32772
32763
32772
32769
32765
32777
32759
32770
32769
32765
32772
32765
32772
32765
32763
32775
32766
32766
32773
32764
32769
32755
32782
32767
32768
32768
32768
32768
32769
32767
32768
32768
32768
32769
32767
32768
32768
32768
32768
32768
32768
32768
32769
32767
32768
32768
32769
32766
32770
32767
32768
32768
32769
32767
32768
32768
32768
32768
32768
32769
32767
32768
32803
32732
32769
32769
32768
32767
32767
32768
32690
32862
32747
32751
32804
32802
32721
32767
32770
32767
32769
32767
32769
32767
32768
32769
32767
32768
32768
32768
32769
32767
32766
32770
32767
32771
32765
32770
32766
32769
32771
32764
32769
32770
32766
32766
32770
32769
32768
32767
32767
32769
32768
32768
32768
32768
32768
32769
32767
32768
32768
32771
32764
32769
32768
32768
32769
32767
32769
32768
32765
32769
32769
32768
32768
32769
32768
32767
32768
32768
32768
32773
32764
32767
32770
32765
32769
32768
32770
32766
32769
32766
32765
32772
32767
32770
32768
32766
32775
32760
32769
32769
32768
32768
32767
32770
32768
32769
32767
32765
32768
32770
32767
32777
32753
32776
32765
32770
32772
32767
32758
32777
32766
32768
32767
32770
32768
32766
32769
32768
32768
32768
32768
32769
32768
32768
32764
32771
32771
32765
32768
32768
32769
32767
32769
32766
32769
32770
32764
32770
32768
32768
32769
32766
32770
32767
32768
32768
32769
32768
32767
32764
32772
32768
32768
32769
32767
32768
32768
32745
32804
32765
32759
32768
32783
32753
32766
32771
32765
32767
32753
32785
32803
32701
32806
32761
32769
32772
32761
32769
32773
32766
32769
32769
32763
32772
32767
32765
32772
32764
32771
32778
32756
32771
32762
32778
32765
32764
32767
32765
32769
32767
32765
32782
32769
32761
32769
32762
32770
32773
32762
32783
32760
32759
32776
32763
32776
32763
32772
32765
32758
32789
32757
32751
32780
32783
32756
32774
32763
32755
32777
32801
32738
32771
32764
32770
32768
32767
32768
32772
32765
32770
32768
32765
32767
32768
32770
32771
32766
32767
32769
32764
32770
32774
32759
32774
32768
32766
32767
32770
32765
32768
32771
32771
32762
32769
32767
32770
32767
32769
32769
32766
32771
32767
32765
32769
32768
32770
32769
32767
32768
32762
32776
32766
32770
32757
32777
32772
32763
32766
32770
32767
32773
32765
32764
32771
32766
32771
32766
32770
32767
32767
32774
32762
32769
32768
32768
32772
32766
32766
32765
32745
32794
32769
32767
32768
32768
32768
32768
32768
32768
32768
32767
32770
32767
32768
32768
32769
32765
32771
32757
32782
32759
32771
32775
32761
32770
32767
32766
32773
32763
32779
32759
32771
32768
32765
32779
32744
32775
32773
32769
32824
32713
32769
32767
32769
32767
32767
32770
32767
32768
32767
32770
32768
32766
32768
32772
32763
32771
32767
32767
32770
32766
32770
32769
32765
32769
32769
32767
32768
32767
32739
32783
32782
32775
32757
32770
32769
32778
32759
32769
32810
32720
32768
32776
32814
32714
32767
32774
32765
32768
32779
32763
32760
32777
32762
32775
32767
32753
32782
32757
32788
32754
32768
32778
32762
32756
32793
32753
32773
32762
32794
32746
32759
32795
32723
32790
32772
32769
32806
32697
32776
32791
32765
32768
32772
32770
32764
32768
32769
32786
32751
32759
32784
32759
32771
32737
32783
32783
32766
32782
32758
32760
32771
32773
32759
32773
32780
32756
32766
32776
32761
32775
32748
32788
32772
32747
32781
32772
32765
32775
32767
32763
32758
32775
32769
32777
32745
32787
32762
32767
32768
32763
32777
32763
32771
32764
32772
32764
32773
32765
32769
32784
32743
32774
32769
32768
32772
32764
32767
32775
32762
32771
32767
32765
32773
32766
32765
32772
32766
32768
32767
32769
32771
32764
32769
32771
32768
32772
32763
32768
32764
32773
32765
32767
32771
32765
32777
32759
32763
32776
32767
32769
32764
32771
32769
32775
32751
32777
32771
32763
32772
32769
32760
32772
32775
32756
32773
32776
32762
32769
32755
32777
32772
32768
32765
32771
32761
32775
32765
32772
32763
32770
32768
32766
32771
32774
32762
32764
32771
32769
32766
32772
32764
32770
32765
32768
32768
32773
32766
32765
32772
32765
32769
32772
32761
32773
32765
32772
32778
32746
32771
32775
32770
32765
32766
32772
32763
32770
32774
32761
32769
32768
32771
32764
32770
32766
32772
32767
32764
32771
32769
32766
32768
32769
32766
32772
32768
32764
32772
32768
32768
32766
32767
32770
32765
32769
32770
32768
32766
32767
32754
32785
32761
32774
32779
32760
32753
32782
32677
32952
32676
32751
32782
32771
32761
32772
32742
32794
32777
32741
32791
32785
32737
32765
32807
32736
32765
32779
32771
32762
32774
32761
32734
32823
32788
32726
32768
32769
32772
32767
32761
32751
32809
32749
32773
32763
32766
32771
32767
32767
32770
32768
32766
32768
32770
32756
32784
32766
32767
32766
32766
32768
32776
32761
32766
32768
32772
32772
32766
32764
32769
32768
32768
32768
32767
32770
32765
32771
32768
32767
32791
32745
32763
32774
32767
32764
32773
32768
32767
32768
32768
32771
32765
32770
32764
32765
32780
32761
32766
32771
32766
32771
32763
32771
32770
32763
32769
32770
32771
32765
32766
32771
32769
32768
32765
32769
32766
32776
32763
32763
32769
32777
32765
32768
32763
32768
32772
32766
32767
32768
32771
32763
32774
32769
32761
32770
32763
32774
32770
32765
32769
32767
32773
32764
32766
32771
32771
32756
32783
32761
32768
32766
32773
32766
32762
32772
32775
32764
32768
32764
32773
32765
32771
32767
32767
32765
32772
32767
32765
32771
32764
32773
32762
32772
32770
32753
32779
32769
32768
32768
32770
32767
32773
32761
32766
32772
32771
32764
32769
32770
32766
32769
32788
32746
32772
32764
32773
32761
32768
32756
32807
32743
32775
32765
32756
32776
32783
32757
32764
32761
32778
32771
32753
32779
32766
32767
32771
32773
32769
32764
32748
32784
32769
32768
32768
32769
32768
32765
32773
32765
32767
32771
32764
32770
32768
32769
32769
32763
32770
32769
32732
32804
32769
32768
32769
32764
32769
32769
32769
32768
32765
32772
32765
32810
32685
32769
32888
32653
32804
32767
32775
32764
32759
32769
32781
32795
32731
32754
32773
32779
32792
32738
32785
32754
32782
32758
32770
32762
32771
32768
32774
32764
32766
32753
32795
32766
32753
32726
32873
32710
32772
32763
32769
32768
32772
32767
32767
32767
32767
32768
32771
32766
32765
32769
32771
32768
32770
32762
32773
32762
32774
32768
32766
32766
32774
32760
32772
32769
32767
32768
32753
32796
32743
32781
32767
32768
32751
32781
32772
32768
32767
32798
32767
32740
32769
32719
32816
32779
32744
32801
32730
32759
32827
32737
32767
32765
32794
32711
32803
32819
32663
32822
32767
32774
32759
32802
32728
32785
32763
32765
