10000
10000
10000
10000
10000
10000
10000
10000
10000
10000
10000
10000
10000
10000
10000
10000
10000
10000
10000
10000
10000
10000
10000
10000
10000
10000
10000
10000
10000
10000
10000
10000
10000
10000
10000
10000
10000
10000
9996
10004
10000
10000
10000
10000
10000
10000
10000
10000
10000
10000
10000
10000
10000
10000
10000
10000
10000
10000
10000
10000
10000
10000
10000
10000
10000
10000
10000
10000
10000
10000
10000
10000
10000
10001
9999
10000
10000
10000
10002
9998
10001
9999
10000
10000
10000
10000
10000
10000
10000
10000
10000
10000
10000
10000
10000
10000
10000
10000
10000
10000
10000
10000
10000
10000
10000
10000
10000
10000
10000
10000
10000
10000
10000
10000
10000
10000
10000
10000
9919
10121
9973
9978
9981
9877
8396
7410
8799
15494
7837
4794
3818
812
10919
18562
3397
9603
8398
7582
9103
9765
9879
9818
9410
8394
8254
8927
8655
18163
3707
4990
9255
9919
9902
10020
10258
10321
9644
10000
9999
10001
9999
10001
9999
10000
10001
9999
10001
9999
10001
9999
10001
9999
10000
10001
9999
10001
9999
10001
9999
10001
9999
10000
10001
9999
10001
9999
10001
9999
10000
10001
9999
10001
9999
10001
9999
7401
12826
11077
9214
9311
10198
10244
9752
9909
10194
9962
9883
9958
10101
10090
9937
9951
9997
10004
10002
10005
10001
9991
9989
10000
10004
10001
10000
10002
10002
10005
10003
9998
9993
9992
9995
10001
10007
10004
10004
9485
10544
9948
9880
10024
10193
10189
9972
9858
9915
9982
10011
10004
9992
9991
9992
10014
10017
9997
9964
6403
851
8164
9942
10700
10027
9657
9965
10000
9999
10001
10000
10000
9999
10001
10000
10000
10000
10000
9999
10001
10000
9999
9977
9959
10097
9977
9977
10001
10000
10005
9996
9969
9907
10077
10138
9951
9710
6606
16607
7952
9121
9872
9777
10102
10366
9888
9872
10210
10068
9555
8237
11347
12758
8672
9374
9706
10000
10000
10000
10000
10000
10000
10000
10000
12228
9027
12008
9409
8526
9967
10063
10091
10047
9978
9944
9975
10008
10109
9891
10015
9984
9987
10006
10009
9994
9975
1949
19389
14755
4619
9293
9837
8496
10014
14216
8339
9200
9905
10004
10001
9946
9431
5516
18369
8889
8227
9658
9957
9893
9319
10145
11704
7386
10552
12246
9751
9543
9846
9625
10000
10001
9999
10000
10000
9997
9941
10005
10142
9947
9971
9995
9998
10003
10006
9993
9974
9957
10042
10085
9997
9957
9970
10022
10019
9987
9980
8516
1453
3299
7871
9857
9981
9947
9678
8820
8658
17765
5121
10001
9999
10001
9999
10001
10000
9999
10001
9999
10001
10000
9999
10001
10000
9999
10001
9999
10001
10000
9999
10001
9999
10001
10000
9999
10001
9999
10001
10000
9999
10001
9999
10001
10000
9999
10001
9999
10001
9999
10001
9999
10001
10000
9999
10001
10000
9999
10001
9999
10001
10000
9999
10001
9999
10001
10000
9999
10001
10000
9999
10001
9999
10001
10000
9999
10001
9999
10001
10000
9999
10001
9999
10001
10000
9999
10001
9999
10001
9996
10004
9999
10001
9999
10001
10000
9999
10001
9999
10001
9999
10001
10000
9999
10001
9999
10001
10000
9999
10001
9999
10001
10000
9999
10001
10000
9999
10001
10000
9999
10001
9999
10001
10000
9999
10001
10000
9999
10001
10002
9998
10000
9999
10001
9999
10001
9999
10001
10000
9999
10001
9999
10001
9999
10001
10000
9999
10001
9999
10001
9999
10001
10000
9999
10001
9999
10001
9999
10001
10000
9999
10001
9999
10001
9999
10001
10000
9999
10001
10000
10000
9999
10001
9999
10001
10000
9999
10001
10000
9999
10001
9999
10001
10000
9999
10001
9999
10001
10000
9999
10001
10000
9999
10001
9999
10001
10000
9999
10001
9999
10001
10000
9999
10001
10000
9999
10001
9999
10001
