160
160
160
160
160
160
168
152
160
160
160
160
159
161
168
152
160
160
160
160
159
161
169
151
160
160
160
159
161
159
170
152
158
161
160
160
159
161
162
160
159
161
160
159
161
159
156
165
160
159
161
159
161
159
156
165
160
159
161
159
161
159
157
163
161
159
161
159
160
161
156
163
161
159
161
159
160
161
146
172
162
159
162
159
160
160
157
162
160
160
159
161
160
159
164
157
159
161
160
160
160
159
163
158
160
160
160
160
160
160
161
159
160
160
160
160
160
160
166
154
160
160
160
160
160
160
160
160
160
160
160
160
160
160
160
160
160
160
160
160
160
160
160
160
160
160
160
161
159
160
160
160
160
160
160
160
160
160
160
160
160
160
160
160
160
160
160
160
160
160
160
160
160
161
158
161
161
159
160
160
160
160
160
160
160
160
160
160
160
160
160
160
160
160
160
160
160
160
154
164
162
159
161
159
161
160
164
155
160
161
159
161
159
162
163
155
160
160
161
159
161
160
165
154
160
161
160
159
161
159
166
154
160
160
159
162
159
162
163
156
161
160
159
160
161
159
153
168
159
161
160
159
161
159
156
165
160
159
161
159
161
159
157
163
161
160
159
161
159
161
155
165
159
161
159
161
159
161
143
181
158
160
159
159
161
158
146
179
158
160
159
159
160
160
145
179
158
159
160
160
158
161
146
178
158
160
158
160
160
159
149
176
158
159
159
160
159
160
162
158
161
159
160
160
160
160
160
160
160
160
160
160
160
160
160
160
160
160
160
160
160
160
160
160
160
160
160
160
160
160
160
161
159
160
160
160
160
160
214
105
161
159
160
161
159
160
168
153
159
161
159
160
161
159
167
154
159
160
161
159
160
161
166
153
161
159
161
159
160
161
167
153
159
160
161
159
161
159
117
202
160
159
160
161
160
161
182
136
161
159
160
159
162
159
191
129
160
159
160
159
160
162
200
120
159
159
159
159
160
160
217
107
158
159
158
158
158
162
176
154
160
160
160
160
160
160
161
159
160
160
160
160
160
160
160
160
160
160
160
160
160
160
160
160
160
160
160
160
161
159
159
162
159
160
160
160
160
160
160
160
160
160
160
159
161
160
161
159
160
160
160
160
160
160
160
160
160
160
160
160
160
160
160
160
160
160
160
161
159
161
157
162
160
160
161
160
160
160
153
166
161
160
160
160
160
160
154
166
160
159
161
160
160
160
154
166
161
159
161
159
160
160
151
169
161
160
159
160
160
160
151
170
159
161
159
160
160
160
145
173
162
159
160
160
160
160
160
160
160
160
160
160
161
159
160
160
160
160
160
160
160
160
160
160
160
160
161
159
160
160
159
162
159
160
160
160
161
159
162
159
160
160
160
160
160
160
153
168
158
161
160
160
160
160
155
165
159
161
160
160
160
159
156
165
160
160
159
161
160
160
155
165
159
161
160
160
159
161
155
165
160
159
161
160
160
159
157
163
161
160
160
159
161
159
157
164
159
161
160
159
161
160
152
168
160
160
159
160
161
159
158
162
161
160
159
160
161
159
168
153
160
159
161
160
160
159
157
164
160
160
159
161
160
160
155
165
160
160
160
159
161
160
156
164
160
160
159
161
160
160
155
165
160
160
160
160
160
160
167
153
160
160
160
160
160
160
148
172
160
160
160
160
160
160
154
166
160
160
159
161
160
160
156
164
160
160
160
160
159
161
155
165
160
160
160
159
161
160
