4097
4095
4096
4095
4097
4095
4097
4096
4096
4096
4096
4096
4096
4096
4096
4096
4096
4096
4096
4096
4096
4096
4096
4096
4096
4096
4097
4095
4096
4095
4097
4096
4096
4096
4096
4097
4095
4096
4598
3610
3778
4468
4002
4162
4012
4113
6328
332
5224
4546
5034
2833
3452
3458
7019
5411
1642
5361
4078
4326
3749
4252
3924
4957
2663
4725
4176
4299
4209
3342
4707
3885
3892
6235
640
5420
4688
3629
4248
3970
4597
2889
5033
3905
5805
1216
4754
5033
3935
3991
3780
4130
4259
4089
3586
5335
2635
4769
4256
4354
3709
4134
4095
4052
4332
3900
4108
4021
4057
4906
2872
6230
1071
5351
4333
3876
4063
4243
3784
4686
3687
4131
4217
4347
3371
4594
4321
4019
3687
4889
3581
3772
4182
3817
4559
4489
3721
4092
4313
3624
4725
3719
4074
3909
4375
3617
4420
4448
3832
4026
4174
4211
3967
4458
3137
4562
5602
1982
4580
4410
3686
4451
4086
4305
3917
4410
3766
4097
3980
4127
4252
3903
4077
4439
4039
3559
4572
4267
3754
4190
4081
4086
4128
4224
3732
4274
4133
4125
3702
4433
4886
3371
3304
4891
4072
4647
3245
4889
3543
3229
4973
4315
5312
2136
4699
4012
4148
3882
4278
4188
6703
7443
4101
5324
2484
4226
3953
4489
4422
3700
4169
4130
3973
4200
4350
3497
4417
4118
4060
3900
4293
4128
4423
3681
3814
5467
3032
4021
4175
5765
961
5684
4272
3031
5785
3035
4098
4245
3995
4125
4213
4050
4134
4093
4063
4774
3315
4242
4185
3748
4362
4215
3971
4077
3780
4345
4064
3544
5167
3700
3561
5025
3699
4027
4067
4578
3591
4145
4062
4316
4063
3979
3812
4482
3765
3964
4891
4454
2583
4825
5175
1962
5943
3404
3260
5297
3670
3117
5022
4115
5212
1701
5477
3968
4115
4719
3468
4032
4147
4192
3624
4468
4119
4129
4024
4574
3750
4064
3898
4727
3523
4174
3733
4644
3415
4749
4590
3355
4137
3499
4753
4121
3916
4241
5892
2163
4319
3913
4075
3700
4711
3842
3311
5017
4023
5281
2970
4233
4007
3368
5404
2923
5232
3452
5213
1063
6014
4788
3479
4207
4035
4254
4102
3853
3657
4534
4100
4678
3646
3514
4622
4097
4579
3568
4039
3916
4237
4214
3791
4413
4039
4302
3925
4064
4120
5226
2061
4533
6027
1035
6841
3125
3956
3919
3751
4328
4122
4625
3779
4106
4081
4160
4430
3370
4355
5054
3309
3795
4863
3401
4512
2948
4911
3834
4401
4078
4144
5492
2558
3071
4962
4714
3799
4139
4330
3812
4032
4166
4101
4229
3802
4276
3784
4312
4186
4802
2965
3904
4676
4138
3229
5690
3080
4288
4165
4088
4998
3020
4311
3964
4278
4138
3847
4045
4324
4171
3982
4027
3641
4391
4086
4292
4090
4967
3041
4024
4748
3792
4015
4146
3919
3875
4468
4520
3241
5135
3558
3909
3236
5556
3580
3795
4604
3865
4158
3996
3893
4808
3572
4001
5580
2084
4843
3501
4679
4081
4111
4086
4063
4145
4098
4051
4100
4135
4669
3469
4182
4064
3940
4347
3598
4124
4554
4015
4024
4211
4023
4066
4098
4172
4064
4065
4979
3263
3501
4635
3890
4218
4138
4031
4270
4153
3919
4071
4619
4071
3635
4255
3830
4357
3794
4282
3399
5170
4128
3612
3954
4958
3657
3370
4520
4305
3941
4167
4093
3959
4764
3378
3721
4906
3643
4335
4234
4017
4066
4471
3533
4314
3374
4534
4815
2736
4805
4210
4055
4203
3972
4934
3328
4083
3307
5013
4531
3413
4209
4341
3884
4085
4088
4101
4158
3796
4599
3837
4087
3997
4467
3599
4198
3920
4429
4460
3703
3905
4345
4137
4361
3481
4066
4553
3810
5057
3046
4467
3305
4689
4126
4092
3889
4456
3934
4097
4073
4119
4091
4369
3762
4174
3848
4435
4014
4485
3268
4518
4594
2967
4729
4095
4100
4089
4107
4079
4106
4096
4096
4100
4092
4096
4096
4096
4095
4097
4096
4096
4097
4095
4095
4100
4093
4097
4094
4098
4094
4096
4104
4088
4090
4103
4095
4098
4096
4098
4094
4097
4094
4066
4154
4069
4094
4096
4097
4096
4088
4104
4096
4096
4096
4096
4096
4096
4096
4096
4096
4096
4096
4096
4096
4096
4096
4096
4096
4096
4096
4096
4096
4096
4096
4096
4096
4096
4096
4096
4096
4096
4096
4099
4088
4104
4088
4097
4107
4098
4086
4099
4096
4093
4096
4095
4094
4102
4093
4095
4098
4088
4115
4081
4101
4096
4095
4100
4092
4097
4093
4098
4096
4092
4101
4096
4093
4106
4089
4091
4099
4098
4092
4101
4094
4096
4095
4098
4095
4095
4098
4095
4096
4096
4096
4097
4094
4098
4095
4095
4097
4096
4095
4097
4096
4096
4095
4097
4096
4096
4096
4095
4097
4096
4096
4097
4095
4096
4095
4097
4096
4096
4099
4087
4102
4096
4096
4096
4096
4096
4096
4096
4104
4087
4097
4096
4097
4094
4096
4100
4093
4097
4094
4096
4098
4095
4094
4101
4093
4096
4096
4096
4097
4094
4097
4096
4096
4096
4096
4096
4096
4097
4094
4093
4100
4093
4102
4093
4096
4097
4095
4096
4096
4096
4096
4096
4095
4097
4097
4096
4095
4095
4098
4094
4095
4101
4086
4103
4095
4100
4093
4095
4097
4095
4097
4096
4096
4096
4097
4094
4101
4091
4097
4098
4094
4097
4095
4095
4097
4097
4096
4094
4097
4096
4095
4098
4095
4096
4095
4098
4094
4097
4096
4096
4096
4096
4097
4094
4098
4094
4097
4096
4097
4095
4096
4096
4095
4097
4097
4094
4097
4098
4093
4108
4100
4056
4118
4112
4111
4024
4139
4089
4121
4090
4061
4120
4097
4094
4098
4105
4073
4110
4088
4106
4101
4082
4098
4115
4072
4102
4100
4096
4096
4097
4093
4087
4111
4161
4007
4121
4081
4089
4172
