900489
781404
1124855
1433610
1197207
994674
887747
932423
983999
905322
1066773
1434125
1390839
1005523
954975
1251624
1066812
541103
747953
1335957
1110499
1035591
1428247
1038383
773549
398816
1302090
1078090
728308
1172509
2048255
1631151
1187329
1114461
919348
864505
668685
702159
1199271
1473428
312010
390596
1156470
1065000
1031475
1658749
1900782
1492695
1192738
738618
678659
1177092
1531877
629573
120252
355881
1251387
1501507
753150
946990
1701373
1212661
777925
1047796
1000484
2059402
1962392
1756164
1699001
391298
652857
1223318
17217
440624
1507154
379792
1850772
51890
78043
1377794
103697
1085910
1601362
1549446
1128176
801702
904300
1425323
1810101
1399719
1361678
1461649
977481
1711872
1305984
1709852
1338775
867970
1090317
697087
331323
1249907
1288842
1209469
682440
994463
1547734
659920
985145
1733639
1314817
240504
314250
1052116
1332003
1192177
1004105
883107
1050884
1176453
1039695
956147
1215787
1414978
1266733
1209392
911960
243140
628294
1598937
1672821
1070696
638938
561126
795319
1231929
1321051
1214304
526251
675190
102152
139800
1102173
768590
684507
1080492
542897
171317
894572
1180065
845327
1450281
1939436
864061
1490743
924559
1585555
577062
343131
1916287
1772523
461966
675228
437150
767567
1698886
1700869
1356979
1295847
1195715
1462847
373420
1051837
1058537
580221
754052
1676164
1159501
886777
951479
1063916
1506248
1428408
207498
433894
1849303
2002752
1507008
796610
908505
423118
948376
1840113
1953026
1729915
1471819
1073075
1350937
850793
922629
640480
860063
1116984
1680074
1102936
94429
1202071
329701
914297
968845
1313461
1654253
833671
1324448
1372053
1169277
1016867
838964
1041766
981170
950578
871169
1158167
1234183
1008034
896936
1121739
1245719
1217949
881009
943697
928548
1163513
1155648
1028963
1071426
971694
1083586
1038460
1001548
1057761
1118439
1010131
1085718
1079707
1085167
973054
1114181
1033592
996436
955344
1114138
1697382
1154531
351848
221463
1742944
1453032
1605904
595428
1192823
1981871
1703841
1328468
957045
759544
1409550
405876
676132
1485319
1908431
1723033
288065
1280454
1777926
1499415
2078139
1279978
395862
523820
1230279
1647456
1762510
1462892
791129
658248
587725
835501
1298911
1299768
1438985
1281173
1069902
513342
258276
1293460
1318143
1252771
1120422
580391
474745
1335628
1561611
559602
671546
1528678
1126081
994185
1454701
840412
473508
869708
1494766
1482505
1141990
1120916
553012
528355
1183740
1311711
873086
1138900
1237812
826934
832021
769953
827628
1622800
1681652
1301422
1012477
1177403
1046397
360971
362602
851149
1500928
1975048
1192252
440366
1011850
1188294
560579
1473068
1213631
984613
994200
672935
936402
1328633
1041237
805013
1443402
1479921
693241
646923
1000631
1486297
1250047
1000840
1419655
1626345
1414285
1486480
843591
247681
146915
84177
1078585
1317766
613383
830737
1457963
1411749
919741
2066839
814299
1045152
1091112
1812289
641589
115765
1802873
364901
1640880
1103135
914490
500793
392433
849317
1592469
1612479
1868089
648978
331425
1084221
1282162
961921
1013285
1875295
1898267
1503047
917648
667302
2087054
1174870
311547
1422345
2056652
559818
1486833
712621
1887983
1481475
897429
316880
454553
1041187
968906
944327
1038104
1058859
897157
1086879
1345939
1213445
1030958
960392
875715
782993
906820
1088280
1220219
1272228
1116254
1208743
1138166
854204
966862
1043502
941849
1047345
1010445
1060026
1082188
1108785
1350700
1181191
769649
902423
1102087
1215476
1238537
1023565
975537
911460
749458
859994
1145115
1143173
1215802
1219220
939458
1027219
843431
908557
1139784
1220345
1111617
1053905
1156200
1134569
1147031
640119
1509529
1111283
901030
839410
976009
907107
955941
2031128
195521
1418737
1832547
1889545
1596692
319128
98951
1217536
1565780
1214667
1240689
521937
190999
648116
2096911
749142
875221
980504
1304769
852149
964523
1532885
1908698
1035414
530678
1136296
1385246
1427416
1572158
1365157
465463
714303
557259
1637854
1349019
1639174
1680014
594829
768387
1362277
474889
343107
839228
1767763
2023359
1057481
531944
1434392
1520378
890775
735183
717300
1552700
605502
963004
1802510
1741107
650084
1030123
1552968
1251432
745360
491679
1370799
1397612
1317367
890416
851456
880973
1952557
857929
256619
543776
1009041
1512029
2001495
1389219
630150
849023
768899
1073502
554292
1143137
1242549
1785176
1376065
566873
662236
1074826
922816
940619
1504219
1478271
599827
846224
310687
1043599
1663572
1178819
1233390
1037462
789535
1502940
1123388
751072
1385070
1530985
457405
1187657
1560200
654037
618461
1215623
303809
1098904
1426981
702373
1309494
1838459
1000305
508865
1183205
1084479
364023
725012
703959
544251
1417167
1823890
1683321
561923
1487064
1075027
1134340
1030367
1039961
1054077
929007
975039
1141217
1148707
1023152
1028083
1113039
1001137
903977
903615
1106624
1154160
1035134
960006
1091164
1126622
1121123
1046382
897278
1021337
1201371
1086655
1011658
1050867
1114662
45418
1529967
1808538
2044560
693721
808143
1780412
694820
961797
955708
70529
226224
497131
1661036
2042951
1235886
2021850
1906165
1756392
519196
28550
1719249
2082276
430221
1030927
937098
281954
1077152
1066863
344984
1309234
1896947
1395155
922292
1073853
912296
698468
889702
835048
1003322
1571462
1812968
1132348
954853
1216612
1327980
1026949
536757
520848
573178
896007
1417650
1353036
947232
1346335
1911068
1509267
783677
534031
1618216
1114578
519506
734611
1339124
1458168
1393372
1409074
662592
387453
771975
1477176
1832387
1420386
835145
556633
1727316
1760415
1244310
906824
280951
588144
1401784
1352043
1109495
1330957
1733897
842661
591148
1075938
1244565
921997
439237
694162
1404946
1557655
1042639
182281
663148
844175
1381184
426819
993584
973215
1035300
1012851
1005023
967700
1022230
1095495
961866
956067
1027497
1126484
1179006
1166219
1188668
1165639
1007813
932318
852366
945651
1108060
1095351
1054808
1080974
1039282
988740
972889
1041171
1058802
1086025
1184588
1161446
1067817
900179
981728
1098125
1137384
1100819
1011105
972783
1021899
1087189
879187
781316
1100294
1355768
1261690
835860
866834
1170388
1217404
1070767
1015451
1007404
1134110
1054606
928037
1024296
1117794
1101994
920702
972974
1479887
1141435
791497
885873
907443
968961
952072
1087493
1194874
1074033
1327251
1368751
1107973
1031423
974912
1098936
898916
741644
828867
753555
1070808
1420695
985104
1095663
982700
1347972
1335454
840564
649213
806573
730261
853647
977219
1501397
1236237
1087299
1101799
830609
598612
968867
1761720
1266963
798078
933147
1094166
1065832
941293
964780
797321
912691
1274903
1036307
830227
1143734
1199158
943836
1219114
1501407
1420284
1095828
826130
724291
890506
976594
992733
943093
1026790
1227525
1239396
1521083
923668
889107
1227860
913079
464970
1176417
1462915
1001890
1004294
1102704
931015
1170208
1169677
962274
622000
984600
1093059
1155162
1519027
1170024
916125
1006974
281175
444306
1769325
1515619
670422
1434962
1216408
73237
256189
1877772
1397016
505332
426171
995155
1807219
1143337
1166238
515278
418876
1215190
1625113
916185
1000472
980781
387037
931133
1523648
1619063
1020430
902404
1144906
997783
938805
1040568
1032817
1075322
1120710
1104213
992784
1010136
1216181
1044611
741516
1122272
1186137
1012274
1146457
1190894
929406
910504
1075124
1091814
961586
1190050
901829
1090736
1374550
941218
777227
1093507
1069713
555364
1345364
945752
1170803
187711
518246
1636295
1628758
1766688
1253758
296247
2020820
1522945
1191769
782413
968042
2053661
371003
1310407
1914600
572115
441018
1455016
293412
214753
2055195
750959
899282
1025901
1218017
1238571
1084433
1063262
1068532
1968618
1044491
1331881
997974
1126507
1084209
813586
920082
1080331
1027301
849252
1133625
1377791
962762
1053427
1342309
840559
644087
1193919
1223531
868511
1430825
996405
75738
1016930
423802
1889306
1206586
48637
1369406
641216
1241494
1920329
989657
1483834
1213034
237945
36321
570845
2068277
1517790
168439
1603221
1598141
1013167
261468
459445
1431753
1949098
1437691
837002
179376
330955
1107153
1152575
1196528
1113713
1146830
1210434
1308650
970910
1193983
1760595
814365
760062
1798315
1653944
2053996
534562
1036577
1855588
680263
795110
93124
256184
393852
1494377
1398097
713806
975198
2096742
165535
1741250
257745
948625
1062661
1152569
1044487
1031235
1070163
1032563
1090481
940047
959382
1117630
1210814
1191226
881146
927074
1164484
1091831
955287
1026599
1126046
1129953
1072111
989871
972587
935942
1185530
1137652
836612
974924
1229701
1082996
1004746
1052223
1183311
926232
669932
1341127
1603884
762610
689104
932802
1044567
1024960
1000870
1049048
1199021
1172339
1112643
1030355
1093499
1146090
1134772
1013499
935902
811937
776172
1023542
1402522
1082578
773244
1065233
1407704
1134883
1046666
1064481
1074932
1025132
971140
999411
1004182
1065777
1146246
1038615
984524
1065581
1121286
1012320
945659
819615
1188293
1061675
1167264
1020078
963500
1135435
1093170
1029783
1173476
1074165
1001313
917495
928688
1207807
1106434
268061
1306811
801257
472369
1350423
960304
1324420
1879063
966118
654636
976976
1705825
1156315
670847
391748
334944
1377493
1885280
1635997
496633
420114
1453476
664261
1710938
783550
1421861
1007994
487969
1016846
1257822
83243
334127
2075218
1713898
377105
312514
1069011
2027288
1357843
878208
911561
247973
662150
855463
11909
1933244
1306536
840532
978748
1488584
219698
1783379
1127724
1091684
1113184
1025032
1128934
1453154
1066878
905594
917123
695477
1074318
1350237
773468
1059262
1154901
963494
1434686
1240533
667783
867267
1280097
1222429
990527
628145
641343
1173072
1426549
1598166
980219
669034
1881915
378918
424756
474963
915886
1888720
204797
1658424
1660833
600271
2018128
2079245
1777217
1120217
1819393
113260
1077164
913598
871588
958054
1217405
1460559
960289
791516
863369
1119825
1377786
1115174
1081636
1133469
952337
876091
307500
1860648
1039626
903898
1190502
1097070
866956
872864
1112311
1209795
1074080
988167
1106469
1067295
966745
1019681
563795
384740
261980
1634440
727530
2073102
1889722
836006
106221
963092
2042376
1161493
1221521
410886
220443
2067268
1243999
1112399
1073067
1073017
976280
954298
1070089
957298
1132770
1294768
964976
945511
1125167
1127729
1163567
1034401
746764
875827
1110555
1164444
1142066
912061
1083348
1167755
1020100
1093593
1106553
1059363
1079327
1055552
989830
972775
997702
1005179
1214049
1154749
1156728
1099841
954744
869646
843868
1345764
792790
1112929
867353
897422
956947
1081205
1237119
903682
906962
1433674
1373892
1095030
799058
1210487
1186058
677154
858050
1376976
1330294
906765
660722
359688
1274368
1578388
1082401
989143
1520832
1250719
1007285
748562
870592
1048576
1048576
1048576
1048576
1048575
1048577
1048576
1048576
1048576
1048576
1048576
1048575
1048577
1048576
1048576
1048576
1048576
1048576
1048575
1048577
1048576
1048576
1048576
1048576
1048576
1048576
1048575
1048577
1048576
1048576
1048576
1048576
1048576
1048575
1048577
1048576
1048576
1048576
1048576
1048576
1048575
1048577
1048576
1048576
1048576
1048576
1048576
1048576
1048575
1048577
1048576
1048576
1048576
1048576
1048576
1048575
1048577
1048576
1048576
1048576
1048576
1048576
1048575
1048577
1048576
1048576
1048576
1048576
1048576
1048576
1048575
1048577
1048576
1048576
1048576
1048576
1048576
1048575
1048577
1048576
1048576
1048576
1048576
1048576
1048575
1048577
1048576
1048576
1048576
1048576
1048576
1048576
1048575
1048577
1048576
1048576
1048576
1048576
1048576
1048575
1048577
1048576
1048576
1048576
1048576
1048576
1048575
1048577
1048576
1048576
1048576
1048576
1048576
1048576
1048575
1048577
1048576
1048576
1048576
1048576
1048576
1048575
1048577
1048576
1048576
1048576
1048576
1048576
1048575
1048577
1048576
1048576
1048576
1048576
1048576
1048576
1048575
1048577
1048576
1048576
1048576
1048576
1048576
1048575
1048577
1048576
1048576
1048576
1048576
1048576
1048575
1048577
1048576
1048576
1048576
1048576
1048576
1048576
1048575
1048577
1048576
1048576
1048576
1048576
1048576
1048575
1048577
1048576
1048576
1048576
1048576
1048576
1048575
1048577
1048576
1048576
1048576
1048576
1048576
1048576
1048575
1048577
1048576
1048576
1048576
1048576
1048576
1048575
1048577
1048576
1048576
1048576
1048576
1048576
1048575
1048577
1048576
1048576
1048576
1048576
1048576
1048576
1048575
1048577
1048576
1048576
1048576
1048576
1048576
1048575
1048577
1048576
1048576
1048576
1048576
1048576
1048575
1048577
1048576
1048576
1048576
1048576
1048576
1048576
1048575
1048577
1048576
1048576
1048576
1048576
1048576
1048575
1048577
1048576
1048576
1048576
1048576
1048576
