2052029
189681
609289
1325529
1785176
1376066
566872
662236
1074826
922817
940619
1504218
1150574
433492
776044
1231881
1466383
1148344
805544
1187219
1074273
790845
1034518
1030397
954962
922933
586758
627207
820220
1408059
2024442
1661258
840523
722213
919529
688100
941830
1179068
1170531
1105257
944021
1027501
1403548
1441520
1098104
946461
955534
983489
773500
735928
1332727
836572
1394788
965562
631179
954240
1328452
1175542
988891
1113151
1204749
1076817
1163379
882927
813060
1278032
932692
541847
528139
1048576
1048576
1048576
1048576
1048576
1048576
1048576
1048576
1048576
1048576
1048576
1048576
1048576
1048576
1048576
1048576
1048576
1048576
1048576
1048576
1048576
1048576
1048576
1048576
1048576
1048576
1048576
1048576
1048576
1048576
1048576
1048576
1048576
1048576
1048576
1048576
1048576
1048576
1048576
1048576
1048576
1048576
1048576
1048576
1048576
1048576
1048576
1048576
1048576
1048576
1048576
1048576
1048576
1048576
1048576
1048576
1048576
1048576
1048576
1048576
1048576
1048576
1048576
1048576
1048576
1048576
1048576
1048576
1048576
1048576
1048576
1048576
1048576
1048576
1048576
1048576
1048576
1048576
