32739
438251784
32739
14726624
0
14726624
0
9997
10002
9998
10000
10002
9999
9998
10004
9994
10006
9999
9999
9999
9999
10004
9996
10001
10004
9997
9998
10000
10005
9997
10000
9998
10000
10004
9998
10000
10000
10000
9997
10006
9997
9997
10002
10001
10003
9997
9999
9999
10004
9996
10003
9999
10000
10000
9996
10005
10001
9996
10000
10002
10000
10003
9997
9997
10001
10005
9998
9999
10000
9997
10005
9998
9995
10010
9995
9996
10006
9999
9994
10009
9992
10008
9994
10004
9997
10001
9997
10006
9994
10002
10003
9999
9998
9996
10006
10003
9996
10000
9994
10011
9995
9995
10010
9990
10004
10000
10007
9988
10012
9994
10000
9999
9997
10002
10001
10003
10000
10000
9997
9997
10007
9998
9996
10005
9999
9998
10001
10000
9994
10009
9992
10010
9997
9997
10000
10002
9998
9994
10010
10001
9996
10000
10000
10000
9995
10008
9998
9998
10001
10001
9998
9993
10016
9988
10007
9997
9831
10331
9844
9950
9546
11038
9460
10000
9998
10005
9997
10000
9723
10553
9481
10483
9523
10241
10216
9795
9985
10000
9302
11395
9303
10000
10000
9966
10056
9987
9991
10002
9997
10001
9995
10010
9905
10170
9931
9989
9838
10319
7900
13883
8068
9981
9545
10943
9063
10920
7892
11866
11098
7447
11520
10785
8933
5201
19595
5204
9999
9998
9768
5954
18616
5844
5181
0
5162
9665
9774
1561
18562
19033
969
7528
15307
7127
9912
10323
10048
4134
7524
0
0
12897
4783
16584
5825
11859
8909
8268
13159
9170
8927
10503
10692
9612
9777
9894
10213
9894
9940
9888
10367
9840
9369
10395
10997
9204
10000
10000
9338
11323
9230
10189
9550
10301
10535
8740
11431
9519
9335
10578
10221
9787
0
0
0
5888
14197
8361
9953
9953
10234
9860
9946
10021
8725
12686
8486
10032
10304
9853
9863
5375
19032
1866
18090
5704
10034
9684
6757
15974
8758
6199
15383
0
0
11951
2652
9540
9874
10394
6734
15809
5521
12931
9537
0
0
0
982
0
4051
3761
0
0
0
0
0
0
0
0
9282
10523
9683
9958
7899
4111
0
0
0
10000
9885
9626
10896
8956
4995
0
5727
9003
9961
4737
19020
7819
8474
10102
9890
5417
16591
10408
0
0
5410
0
0
0
9883
9376
10994
7997
12528
8712
8280
12562
10783
3855
12909
0
0
1891
0
0
0
11099
9314
4917
17820
9620
505
0
0
0
3349
9904
6743
16675
3875
14836
8717
8122
12178
7679
12521
8616
10115
3125
0
4373
9031
5068
18061
11167
5285
11431
9975
574
0
140
0
0
0
10375
9399
10834
9580
10002
9554
8385
14535
7368
10343
9809
9988
10040
9977
10000
9994
10012
9942
10108
9944
10003
9999
6661
16648
6720
9970
10000
10001
10000
10000
9989
9760
10098
9911
10898
9189
10001
10400
9815
9939
9991
9946
10134
6060
290
0
0
9999
9993
8647
12822
8829
9770
10148
10005
0
0
0
10710
0
0
234
9402
9694
0
0
0
9447
11095
9456
9401
11015
8612
12145
8830
9998
9500
9987
11525
8992
9627
10588
9862
10050
9943
7246
15476
7263
7183
14471
9191
9402
9819
9934
9980
9646
10649
7792
13979
7955
9982
10027
9958
10067
9965
9716
10518
9812
9953
10001
9999
9981
10039
9977
9992
10003
10029
9980
9996
9955
10098
9906
10088
9956
9997
9978
10054
9971
9998
10003
10000
9999
10000
9999
10001
9999
10002
10000
9997
10004
9994
9948
10115
9941
10000
10000
10000
10001
9999
8901
12197
8902
10001
9982
9816
10418
9783
9486
11027
9488
10000
9998
9906
10189
9904
10004
9999
10000
9999
9999
9998
10006
9998
9994
10009
9995
10003
9998
9997
10005
9995
10003
10001
10001
9998
10000
10001
9995
10005
10001
9999
9998
10000
10001
10001
9998
10003
9995
10004
9998
10004
9994
10006
9994
10003
10003
9996
10000
10003
9998
9998
10004
9995
10004
9998
10002
10001
9998
9997
10003
10001
10001
9998
9999
9999
0
